2220	参考调香瓶的模样制成的护符。\n能提升调香术的威力。\n\n调香师有着只有他们才知道的花园。\n可能位在高原的边缘，或是隐藏的洞窟内，\n那里百花齐放，只为芬芳。
7000	镶有红色琥珀的链坠。\n能最大幅提升血量的上限。\n\n琥珀为黄金树的古老露滴，\n在“初始艾尔登之王”葛孚雷的时代\n被视为特殊的宝石。\n\n据说葛德文的禁卫骑士们──\n杰出的黄金骑士，受赐的琥珀最为大颗。
7001	
7002	
7003	
7004	
7005	
7006	
7007	
7008	
7009	
7010	镶有蓝色琥珀的链坠。\n能最大幅提升专注值的上限。\n\n琥珀为黄金树的古老露滴，\n在“初始艾尔登之王”葛孚雷的时代\n被视为特殊的宝石。\n\n据说葛德文的禁卫骑士们──\n杰出的黄金骑士，受赐的琥珀最为大颗。
7011	
7012	
7013	
7014	
7015	
7016	
7017	
7018	
7019	
7020	镶有绿色琥珀的链坠。\n能最大幅提升精力的上限。\n\n琥珀为黄金树的古老露滴，\n在“初始艾尔登之王”葛孚雷的时代\n被视为特殊的宝石。\n\n据说葛德文的禁卫骑士们──\n杰出的黄金骑士，受赐的琥珀最为大颗。
7021	
7022	
7023	
7024	
7025	
7026	
7027	
7028	
7029	
7030	参考双头绿乌龟的模样制成的护符。\n能大幅提升精力的恢复速度。\n\n乌龟是著名的营养食材，为精力无穷的象征。\n\n而其中，两颗头的乌龟\n在脖子交错时，形状有如螺旋，\n为塔之地特别喜爱的题材。
7031	
7032	
7033	
7034	
7035	
7036	
7037	
7038	
7039	
7040	角人们于祭祀时使用的装饰品。\n能更大幅提升健壮度。\n（健壮度是对出血、冻伤的抵抗力。）\n\n对角人们而言，角是神圣的象征，\n也因此证明他们是受选的子民。\n\n其中不停萌发新芽的混生角，\n则被视为灵力之首的象征。
7041	
7042	
7043	
7044	
7045	
7046	
7047	
7048	
7049	
7050	角人们于祭祀时使用的装饰品。\n能更大幅提升免疫力。\n（免疫力是对中毒、腐败的抵抗力。）\n\n对角人们而言，角是神圣的象征，\n也因此证明他们是受选的子民。\n\n其中不停萌发新芽的混生角，\n则被视为灵力之首的象征。
7051	
7052	
7053	
7054	
7055	
7056	
7057	
7058	
7059	
7060	角人们于祭祀时使用的装饰品。\n能更大幅提升理智度。\n（理智度是对催眠、发狂的抵抗力。）\n\n对角人们而言，角是神圣的象征，\n也因此证明他们是受选的子民。\n\n其中不停萌发新芽的混生角，\n则被视为灵力之首的象征。
7080	角人们于祭祀时使用的装饰品。\n其中以多种色彩点缀的贵重物品。\n\n能更大幅提升免疫力、健壮度、理智度。\n\n对角人们而言，角是神圣的象征，\n也因此证明他们是受选的子民。\n\n其中不停萌发新芽的混生角，\n则被视为灵力之首的象征。
7081	
7082	
7083	
7084	
7085	
7086	
7087	
7088	
7089	
7090	绘有巨大蓝色古龙图案的护符。\n能最大幅提升魔力属性减伤率。\n\n在黄金树尚未出现的史前时代，\n据说古龙是那时代的主宰，\n也是保护王的铜墙铁壁。\n因此龙的图案被视为各种庇佑的象征。
7091	
7092	
7093	
7094	
7095	
7096	
7097	
7098	
7099	
7100	绘有巨大红色古龙图案的护符。\n能最大幅提升火属性减伤率。\n\n在黄金树尚未出现的史前时代，\n据说古龙是那时代的主宰，\n也是保护王的铜墙铁壁。\n因此龙的图案被视为各种庇佑的象征。
7101	
7102	
7103	
7104	
7105	
7106	
7107	
7108	
7109	
7110	绘有巨大黄色古龙图案的护符。\n能最大幅提升雷属性减伤率。\n\n在黄金树尚未出现的史前时代，\n据说古龙是那时代的主宰，\n也是保护王的铜墙铁壁。\n因此龙的图案被视为各种庇佑的象征。
7111	
7112	
7113	
7114	
7115	
7116	
7117	
7118	
7119	
7120	被剪断的金黄色编发。\n玛莉卡女王献给祖母的供品。\n\n能最大幅提升圣属性减伤率。\n\n没有人知道玛莉卡为了什么而祈祷、许愿，\n又或是，为了什么而忏悔。\n能确定的是从那之后，祂不曾再回去故乡。
7121	
7122	
7123	
7124	
7125	
7126	
7127	
7128	
7129	
7130	绘有巨大珍珠色古龙图案的护符。\n能最大幅提升物理以外的减伤率。\n\n在黄金树尚未出现的史前时代，\n据说古龙是那时代的主宰，\n也是保护王的铜墙铁壁。\n因此龙的图案被视为各种庇佑的象征。
7131	
7132	
7133	
7134	
7135	
7136	
7137	
7138	
7139	
7140	参考黄金树种子的模样制成的红色护符。\n能大幅提升红露滴圣杯瓶的恢复量。\n\n以不曾出现的种子为主题的护符，\n其中最古老的一个，有着代表双指的设计。\n此为黄金树之始的象征。
7141	
7142	
7143	
7144	
7145	
7146	
7147	
7148	
7149	
7150	参考黄金树种子的模样制成的蓝色护符。\n能大幅提升蓝露滴圣杯瓶的恢复量。\n\n以不曾出现的种子为主题的护符，\n其中最古老的一个，有着代表双指的设计。\n此为黄金树之始的象征。
8000	承接黄金树的恩惠──\n参考承接蓝露滴的模样制成的护符。\n\n能缓慢恢复专注值。\n\n据说在过去，恩惠露滴源源不绝──\n那是转眼即逝的丰饶时代，\n黄金树因此成为了信仰。
8001	
8002	
8003	
8004	
8005	
8006	
8007	
8008	
8009	
8010	在远古时代，据说会长在人体上，\n揉合生物百相的轻薄翅膀所制成的护符。\n\n能强化后跃的闪避能力，\n但会增加受到的损伤。\n\n角人们认为熔炉相当神圣──\n因为在那历经淬炼的进化尽头，\n就是他们身上的混生角。
8011	
8012	
8013	
8014	
8015	
8016	
8017	
8018	
8019	
8020	雕制关于外在神祇传说的护符。\n能提升感应。\n\n人民蒙受火难、被夺去一切后，\n从他们尊贵祖先的遗体影子里，\n发现了异样的为神本质。\n\n在备受折磨、走投无路的情况下，\n他们还是向不祥的异形求助。
8021	
8022	
8023	
8024	
8025	
8026	
8027	
8028	
8029	
8030	裂开的镇邪石。\n\n能提升踢击与踏地类招式的威力。\n\n镇邪石是用于镇住地震的灵异石。\n据说当它裂开以后，城镇也随之陷入地面。\n但关于城镇下陷的原因，有另一种说法──\n那可能是月亮坠落导致。
8031	
8032	
8033	
8034	
8035	
8036	
8037	
8038	
8039	
8040	以双手剑与战士的形象制成的护符。\n能强化以双手共持武器时的攻击。\n\n角战士为塔的守护者──\n他们的力量是塔的武力象征。\n据说那出神入化的一击，能斩断一切。
8041	
8042	
8043	
8044	
8045	
8046	
8047	
8048	
8049	
8050	参考高举的矛与火焰制成的护符。\n与梅瑟莫并肩作战，\n为圣战捐躯的人们拥有的徽章。\n\n打倒敌人时，能提升攻击力。\n\n他们一昧地杀戮、烧尽污秽──\n不带悲悯之心，也没有名誉可言。\n只有坚信此为圣战的人们，\n才能从殒命的哀号声中，找到一丝激昂。
8051	
8052	
8053	
8054	
8055	
8056	
8057	
8058	
8059	
8060	外貌犹如熟透的葡萄──\n参考禁触老翁的欢欣模样制成的护符。\n\n当周围人物陷入异常状态发狂时，\n能提升攻击力。\n\n　我等会为了王，献上发狂──\n　让所有人拥有葡萄，\n　让所有人的葡萄熟成吧。
8061	
8062	
8063	
8064	
8065	
8066	
8067	
8068	
8069	
8070	以羽毛箭与铁箭组合制成的护符。\n\n能提升弓的射程距离，\n与射出箭、弩箭时的攻击力。
8090	以珍珠色大盾与骑士的形象制成的护符。\n防御时，能提升物理以外的减伤率。\n\n无从得知污秽有几分力量──\n为此，骑士们作足准备。
8091	
8092	
8093	
8094	
8095	
8096	
8097	
8098	
8099	
8100	惹人怜爱的干枯花束。\n供养在小墓碑前的物品。\n\n当自己召唤的灵魂死亡时，能提升攻击力。\n\n对深爱之人的不幸感到心伤──\n这情感不论身处何地，皆是如此。
8101	
8102	
8103	
8104	
8105	
8106	
8107	
8108	
8109	
8110	以老旧锻造铁锤的形象制成的护符。\n表面刻着流纹文字。\n\n能强化投掷武器时的攻击。\n\n在远古时代，锻造是敬神的仪式。\n据说在熔化的钢铁中，一层层的皱褶内刻有文字。\n铁匠会找出文字，用于固定武器的灵魂。
8111	
8112	
8113	
8114	
8115	
8116	
8117	
8118	
8119	
8120	参考病死的模样制成的护符。\n\n在陷入异常状态后，一定时间内，\n遇上同样的异常状态时，能提升抵抗力。\n\n体弱的人罹患可怕的苍蝇病时，\n远在变形之前，生命就会先走到终点。\n据说只有看护患者到最后一刻，\n并慎重安葬的照顾者，才能免于罹病。
8121	
8122	
8123	
8124	
8125	
8126	
8127	
8128	
8129	
8130	参考黄金交错树的形象制成的工艺品。\n金针骑士们受赐的其中一项物品。\n\n能强化在翻滚、后跃之后使出的攻击。\n\n在过去，金针骑士们侍奉米凯拉；\n而如今，那骑士只剩一人。
8131	
8132	
8133	
8134	
8135	
8136	
8137	
8138	
8139	
8140	参考黄金交错树的形象制成的工艺品。\n金针骑士们受赐的其中一项物品。\n\n能强化冲刺攻击。\n\n在过去，金针骑士们侍奉米凯拉；\n而如今，那骑士只剩一人。
8141	
8142	
8143	
8144	
8145	
8146	
8147	
8148	
8149	
8150	以长弓与射手的形象制成的护符。\n能提升精密射击的攻击力。\n\n白金之子射手们十分灵巧，\n以令人畏惧的优秀狙击能力为人所知。
8151	
8152	
8153	
8154	
8155	
8156	
8157	
8158	
8159	
8160	以圣女托莉娜微笑时的模样制成的护符。\n某位男性深藏心底的幻想。\n\n当周围人物陷入异常状态催眠时，\n能提升攻击力。\n\n　只有我才知道──\n　陷在您的深沉酣眠里，有多么甜美。\n　所以说，请只对着我笑吧。
8161	
8162	
8163	
8164	
8165	
8166	
8167	
8168	
8169	
8170	参考尖刺山的狂龙模样制成的护符。\n当它发出轰然咆哮，尖刺山的熔岩会随之沸腾。\n\n能提升熔岩的威力。\n\n狂龙之名为贝勒──\n据说它曾挑战古龙之王，最后落得两败俱伤。\n有着愤怒的破坏者之称。
8171	
8172	
8173	
8174	
8175	
8176	
8177	
8178	
8179	
8180	塔进行祭祀时，神兽于其中舞动──\n参考那狂怒舞动的模样制成的护符。\n\n能提升风暴的威力。\n\n据说神兽是来自上天的使者──\n它的愤怒会造成天空失序，\n而其中最显著的，就是风暴。
8181	
8182	
8183	
8184	
8185	
8186	
8187	
8188	
8189	
8190	以老者手指轻捏辉石的模样制成的护符。\n\n能最大幅缩短魔法、祷告的咏唱时间，\n但增加受到的损伤。\n\n尤弥尔疾呼：\n　对星星怀抱浪漫思维、对星尘满怀爱意──\n　能办到如此，就能成为顶尖魔法师。\n　你呀，要去学会爱。
8191	
8192	
8193	
8194	
8195	
8196	
8197	
8198	
8199	
8200	参考“初始艾尔登之王”葛孚雷\n受赐露滴时的模样制成的护符。\n\n能提升使用露滴圣杯瓶时的强韧度。\n\n王受赐露滴时气势非凡、充满魄力──\n据说在受赐的当下，他文风不动。\n黄金树之王，耸立于大地。
8201	
8202	
8203	
8204	
8205	
8206	
8207	
8208	
8209	
8210	以十分沉重的腐败金属──\n铜绿制成的圆碟。\n\n装备重量越重，防御力会越高。\n\n重量代表着强度，\n也是守护他人的力量。
8211	
8212	
8213	
8214	
8215	
8216	
8217	
8218	
8219	
8220	“双月骑士”蕾菈娜──\n雕着她气质凛然的肖像护符。\n\n摆出架式，并维持一定时间后，\n能强化之后使出的攻击。\n\n侍奉蕾菈娜，一同离开故乡的人们，\n将超越忠诚的心思，刻划其中的物品。\n\n　请允许我们同行──\n　共乘您的月之舟，直到海角天涯。
8221	
8222	
8223	
8224	
8225	
8226	
8227	
8228	
8229	
8230	刀身窄短、沾满血液的短刀。\n已经不能作为武器使用。\n\n能提升在使出致命一击后的攻击力。\n\n角人们让受苦的族人解脱用的物品。\n夺走多条性命后，刀锋已有缺损，\n也带有一丝邪气。
8231	
8232	
8233	
8234	
8235	
8236	
8237	
8238	
8239	
8240	揉合熔炉百相，所有特征的巨型块状物。\n\n能减少致命一击、头部射击造成的损伤，\n与强化翻滚、后跃的闪避能力，\n但增加受到的损伤。\n\n据说是源自巨人身体的物品。\n在塔的神话中，此物被称为“熔炉之母”。
