1	
2	
100	受崩指入侵时，能召唤崩指猎人
101	能够接受召唤，前往受崩指入侵的世界
1000	能提升血量的上限
1001	能大幅提升血量的上限
1002	能更大幅提升血量的上限
1003	
1004	
1005	
1006	
1007	
1008	
1009	
1010	能提升专注值的上限
1011	能大幅提升专注值的上限
1012	能更大幅提升专注值的上限
1013	
1014	
1015	
1016	
1017	
1018	
1019	
1020	能提升精力的上限
1021	能大幅提升精力的上限
1022	能更大幅提升精力的上限
1023	
1024	
1025	
1026	
1027	
1028	
1029	
1030	能提升装备重量的上限
1031	能大幅提升装备重量的上限
1032	能更大幅提升装备重量的上限
1033	
1034	
1035	
1036	
1037	
1038	
1039	
1040	能提升血量、精力、装备重量的上限
1041	能提升血量、精力、装备重量的上限
1042	能提升血量、精力、装备重量的上限
1043	
1044	
1045	
1046	
1047	
1048	
1049	
1050	能提升能力值，但增加受到的损伤
1051	能大幅提升能力值，但大幅增加受到的损伤
1052	
1053	
1054	
1055	
1056	
1057	
1058	
1059	
1060	能提升力气
1061	
1062	
1063	
1064	
1065	
1066	
1067	
1068	
1069	
1070	能提升灵巧
1071	
1072	
1073	
1074	
1075	
1076	
1077	
1078	
1079	
1080	能提升智力
1081	
1082	
1083	
1084	
1085	
1086	
1087	
1088	
1089	
1090	能提升信仰
1091	
1092	
1093	
1094	
1095	
1096	
1097	
1098	
1099	
1100	能提升观察力
1101	
1102	
1103	
1104	
1105	
1106	
1107	
1108	
1109	
1110	打倒敌人时，能增加获得的卢恩
1140	能增加记忆空格
1141	
1142	
1143	
1144	
1145	
1146	
1147	
1148	
1149	
1150	能提升精力的恢复速度
1151	
1152	
1153	
1154	
1155	
1156	
1157	
1158	
1159	
1160	能提升健壮度
1161	能大幅提升健壮度
1162	
1163	
1164	
1165	
1166	
1167	
1168	
1169	
1170	能提升免疫力
1171	能大幅提升免疫力
1172	
1173	
1174	
1175	
1176	
1177	
1178	
1179	
1180	能提升理智度
1181	能大幅提升理智度
1182	
1183	
1184	
1185	
1186	
1187	
1188	
1189	
1190	能提升抗死度
1191	能大幅提升抗死度
1192	
1193	
1194	
1195	
1196	
1197	
1198	
1199	
1200	能提升免疫力、健壮度、理智度
1201	能大幅提升免疫力、健壮度、理智度
1202	
1203	
1204	
1205	
1206	
1207	
1208	
1209	
1210	能提升强韧度
1211	
1212	
1213	
1214	
1215	
1216	
1217	
1218	
1219	
1220	能提升能力值，但增加受到的损伤
1221	能大幅提升能力值，但大幅增加受到的损伤
1222	
1223	
1224	
1225	
1226	
1227	
1228	
1229	
1230	能提升战技的攻击力
1231	能大幅提升战技的攻击力
1232	
1233	
1234	
1235	
1236	
1237	
1238	
1239	
1240	
1241	
1242	
1243	
1244	
1245	
1246	
1247	
1248	
1249	
1250	能提升灵巧、攻击越是连续，越能提升攻击力
2000	能提升魔力属性攻击力，但降低减伤率
2001	
2002	
2003	
2004	
2005	
2006	
2007	
2008	
2009	
2010	能提升雷属性攻击力，但降低减伤率
2011	
2012	
2013	
2014	
2015	
2016	
2017	
2018	
2019	
2020	能提升火属性攻击力，但降低减伤率
2021	
2022	
2023	
2024	
2025	
2026	
2027	
2028	
2029	
2030	能提升圣属性攻击力，但降低减伤率
2031	
2032	
2033	
2034	
2035	
2036	
2037	
2038	
2039	
2040	血量偏低时，能提升攻击力
2041	
2042	
2043	
2044	
2045	
2046	
2047	
2048	
2049	
2050	血量全满时，能提升攻击力
2051	
2052	
2053	
2054	
2055	
2056	
2057	
2058	
2059	
2060	能强化突刺攻击特有的反击攻击
2061	
2062	
2063	
2064	
2065	
2066	
2067	
2068	
2069	
2070	当敌人防御，攻击时能增加对方消耗的精力
2071	
2072	
2073	
2074	
2075	
2076	
2077	
2078	
2079	
2080	攻击越是连续，越能提升攻击力
2081	攻击越是连续，越能大幅提升攻击力
2082	
2083	
2084	
2085	
2086	
2087	
2088	
2089	
2090	能强化致命一击
2091	
2092	
2093	
2094	
2095	
2096	
2097	
2098	
2099	
2100	能提升弓的射程距离
2101	
2102	
2103	
2104	
2105	
2106	
2107	
2108	
2109	
2110	装备重量越轻，攻击力会越高
2111	
2112	
2113	
2114	
2115	
2116	
2117	
2118	
2119	
2120	能强化连续攻击的最后一记攻击
2121	
2122	
2123	
2124	
2125	
2126	
2127	
2128	
2129	
2130	能强化蓄力攻击
2131	
2132	
2133	
2134	
2135	
2136	
2137	
2138	
2139	
2140	能提升骑马时的攻击力
2141	
2142	
2143	
2144	
2145	
2146	
2147	
2148	
2149	
2150	能提升射出箭、弩箭时的攻击力
2151	
2152	
2153	
2154	
2155	
2156	
2157	
2158	
2159	
2160	当周围人物陷入异常状态出血时，能提升攻击力
2161	
2162	
2163	
2164	
2165	
2166	
2167	
2168	
2169	
2170	当周围人物陷入中毒、腐败时，能提升攻击力
2171	
2172	
2173	
2174	
2175	
2176	
2177	
2178	
2179	
2180	能强化跳跃攻击
2181	
2182	
2183	
2184	
2185	
2186	
2187	
2188	
2189	
2190	能强化咆哮与吐息
2191	
2192	
2193	
2194	
2195	
2196	
2197	
2198	
2199	
2200	能强化防御反击
2201	
2202	
2203	
2204	
2205	
2206	
2207	
2208	
2209	
2210	能提升投掷壶类道具的威力
2211	
2212	
2213	
2214	
2215	
2216	
2217	
2218	
2219	
2220	能提升调香术的威力
3000	能提升魔法的威力
3001	能大幅提升魔法的威力
3040	能提升祷告的威力
3041	
3042	
3043	
3044	
3045	
3046	
3047	
3048	
3049	
3050	能大幅提升祷告的威力
3051	
3052	
3053	
3054	
3055	
3056	
3057	
3058	
3059	
3060	能延长魔法、祷告的有效时间
3061	
3062	
3063	
3064	
3065	
3066	
3067	
3068	
3069	
3070	能缩短魔法、祷告的咏唱时间
3071	
3072	
3073	
3074	
3075	
3076	
3077	
3078	
3079	
3080	能减少魔法、祷告消耗的专注值，但减少血量上限
3081	
3082	
3083	
3084	
3085	
3086	
3087	
3088	
3089	
3090	能强化魔法、祷告、战技的蓄力使用
4000	能提升物理减伤率
4001	能大幅提升物理减伤率
4002	能更大幅提升物理减伤率
4003	能极大幅提升物理减伤率
4004	
4005	
4006	
4007	
4008	
4009	
4010	能提升魔力属性减伤率
4011	能大幅提升魔力属性减伤率
4012	能更大幅提升魔力属性减伤率
4013	
4014	
4015	
4016	
4017	
4018	
4019	
4020	能提升火属性减伤率
4021	能大幅提升火属性减伤率
4022	能更大幅提升火属性减伤率
4023	
4024	
4025	
4026	
4027	
4028	
4029	
4030	能提升雷属性减伤率
4031	能大幅提升雷属性减伤率
4032	能更大幅提升雷属性减伤率
4033	
4034	
4035	
4036	
4037	
4038	
4039	
4040	能提升圣属性减伤率
4041	能大幅提升圣属性减伤率
4042	能更大幅提升圣属性减伤率
4043	
4044	
4045	
4046	
4047	
4048	
4049	
4050	能提升物理以外的减伤率
4051	能大幅提升物理以外的减伤率
4052	能更大幅提升物理以外的减伤率
4053	
4054	
4055	
4056	
4057	
4058	
4059	
4060	能减少致命一击造成的损伤
4061	
4062	
4063	
4064	
4065	
4066	
4067	
4068	
4069	
4070	能强化翻滚的闪避能力，但增加受到的损伤
4071	
4072	
4073	
4074	
4075	
4076	
4077	
4078	
4079	
4080	血量偏低时，能提升防御力
4081	
4082	
4083	
4084	
4085	
4086	
4087	
4088	
4089	
4090	血量全满时，能提升防御力
4091	
4092	
4093	
4094	
4095	
4096	
4097	
4098	
4099	
4100	能提升防御强度
4101	
4102	
4103	
4104	
4105	
4106	
4107	
4108	
4109	
4110	能减少头部射击造成的损伤与冲击
5000	能提升红露滴圣杯瓶的恢复量
5001	
5002	
5003	
5004	
5005	
5006	
5007	
5008	
5009	
5010	能提升蓝露滴圣杯瓶的恢复量
5011	
5012	
5013	
5014	
5015	
5016	
5017	
5018	
5019	
5020	能缓慢恢复血量
5021	
5022	
5023	
5024	
5025	
5026	
5027	
5028	
5029	
5030	打倒敌人时，能恢复血量
5031	
5032	
5033	
5034	
5035	
5036	
5037	
5038	
5039	
5040	连续攻击时，能恢复血量
5041	
5042	
5043	
5044	
5045	
5046	
5047	
5048	
5049	
5050	使出致命一击能恢复血量
5051	
5052	
5053	
5054	
5055	
5056	
5057	
5058	
5059	
5060	使出致命一击能恢复专注值
6000	能完全去除自己发出的声响
6001	
6002	
6003	
6004	
6005	
6006	
6007	
6008	
6009	
6010	远离敌人后，蹲下能隐藏自己的身影
6011	
6012	
6013	
6014	
6015	
6016	
6017	
6018	
6019	
6020	能减少使用战技消耗的专注值
6040	从高处落下时，能完全不受到损伤\n但是无法避免过高落下时，造成的死亡
6041	
6042	
6043	
6044	
6045	
6046	
6047	
6048	
6049	
6050	将变得容易受敌人攻击
6051	
6052	
6053	
6054	
6055	
6056	
6057	
6058	
6059	
6060	将增加受到的损伤
6061	
6062	
6063	
6064	
6065	
6066	
6067	
6068	
6069	
6070	死亡时不会掉落卢恩，但护符会消失
6071	
6072	
6073	
6074	
6075	
6076	
6077	
6078	
6079	
6080	能变得像是勾指主人
6081	
6082	
6083	
6084	
6085	
6086	
6087	
6088	
6089	
6090	能变得像是协助者
6091	
6092	
6093	
6094	
6095	
6096	
6097	
6098	
6099	
6100	自己的举止会产生变化
6101	
6102	
6103	
6104	
6105	
6106	
6107	
6108	
6109	
6110	打倒敌人时，能恢复专注值
