2000	战技：落叶旋风脚\n\n丹恩流踢击术的奥义。\n连续回旋踢的同时身体上浮，最后下踢的战技。\n踢击会缠绕气，因此攻击范围较广。
2001	战技：熔炉百相之羽\n\n源自熔炉生命的战技。\n能形成黄金双翼，飞起的同时高举武器突击。\n装备双头剑时，突击会变成回旋攻击。
4000	战技：重力旋刺\n\n过去师从白王的人们学习的重力招式。\n借由重力浮起，再全身旋转展开突刺。\n再次发动能再一次突刺。
4001	
4002	
4003	
4004	
4005	
4006	
4007	
4008	
4009	
4010	战技：发劲\n\n人称“落叶派”的求道者们使用的战技。\n将气运至掌底，出掌后引发爆炸。\n攻击威力与冲击力道的表现皆优秀，\n借由蓄力发动，能提升威力。
4011	
4012	
4013	
4014	
4015	
4016	
4017	
4018	
4019	
4020	战技：贯穿投掷\n\n在武器缠绕强力旋流，再投掷而出的战技。\n飞翔距离会比平时更长，能够贯穿敌人。
4021	
4022	
4023	
4024	
4025	
4026	
4027	
4028	
4029	
4030	战技：多重投掷\n\n透过锻造术的力量，在双手复制出武器，\n再同时、大量投掷出去的战技。\n再次发动能再一次投掷。
4031	
4032	
4033	
4034	
4035	
4036	
4037	
4038	
4039	
4040	战技：四面火花香\n\n在自身周围大范围释放香粉，\n一定时间后，形成大型火花的战技。\n借由蓄力发动能提升威力，扩大火花的范围。\n火花的性质会随着调香瓶的种类变化。
4041	
4042	
4043	
4044	
4045	
4046	
4047	
4048	
4049	
4050	战技：串联火花香\n\n朝前方释放香粉，一定时间后，\n形成先后出现的大型火花的战技。\n火花的性质会随着调香瓶的种类变化。
4051	
4052	
4053	
4054	
4055	
4056	
4057	
4058	
4059	
4060	战技：野兽突袭\n\n如野兽般地向前快速踏步，\n再跳至半空，撕裂敌人的战技。\n能控制往前后，或是左右方向踏步。\n发动后接着使出重攻击，能追加攻击。
4061	
4062	
4063	
4064	
4065	
4066	
4067	
4068	
4069	
4070	战技：野兽爪击\n\n如野兽般地压低身形，跳起后挥舞左右双爪，\n猛力撕裂敌人的战技。
4071	
4072	
4073	
4074	
4075	
4076	
4077	
4078	
4079	
4080	专用战技：红熊猎法\n\n大幅高举手臂，用锐利爪子撕裂猎物的战技。\n攻击时会形成真空，给予连续伤害。\n再次发动能使出最多两次的追击。
4081	
4082	
4083	
4084	
4085	
4086	
4087	
4088	
4089	
4090	战技：死角一击\n\n压低身形踏出步伐，与敌人拉近距离，\n再从侧面死角攻击的战技。\n能控制往左、右方踏出步伐，\n也能绕过武器的防御，进行攻击。
4091	
4092	
4093	
4094	
4095	
4096	
4097	
4098	
4099	
4100	战技：迅斩\n\n角人剑士继承而来的战技。\n在迅速踏出步伐的同时，砍向敌人。\n攻击快而凌厉，会形成撕裂敌人的真空。\n借由蓄力发动能提升威力，增加踏出步伐时的距离。
4101	
4102	
4103	
4104	
4105	
4106	
4107	
4108	
4109	
4110	战技：大上段\n\n将剑高举过头，摆出架式的战技。\n轻攻击能向前踏出再下砍。\n重攻击能使出连续下砍。
4111	
4112	
4113	
4114	
4115	
4116	
4117	
4118	
4119	
4120	战技：单翼架式\n\n将武器向右平举，摆出架式后静止不动，\n接着使出攻击的战技。\n轻攻击能使出高速三连击。\n重攻击能在跳起之后，使出突刺。
4121	
4122	
4123	
4124	
4125	
4126	
4127	
4128	
4129	
4130	战技：瞬雷\n\n侍奉葛德文的黄金骑士们使用的战技。\n压低身形摆出架式，将自身化为雷电，\n朝前方快速移动。
4131	
4132	
4133	
4134	
4135	
4136	
4137	
4138	
4139	
4140	战技：火焰穿刺\n\n“火焰骑士”昆兰的战技。\n在武器缠绕火焰，压低身形向前踏出，\n一口气刺穿敌人。\n使出重攻击，能释放追击火焰。
4141	
4142	
4143	
4144	
4145	
4146	
4147	
4148	
4149	
4150	战技：勇猛狮子斩\n\n在红狮子之中，特别勇猛的战士使用的战技。\n能朝前方跳跃，一边旋身一边以武器敲击。\n再次发动，能再一次以武器敲击。
4151	
4152	
4153	
4154	
4155	
4156	
4157	
4158	
4159	
4160	战技：神兽冻霜踏地\n\n神兽舞狮展现愤怒的战技。\n能举起脚大力踏向地面，\n让剧烈冻霜朝前方随之扩散。\n借由蓄力发动能提升威力，扩大冻霜扩散的范围。
4161	
4162	
4163	
4164	
4165	
4166	
4167	
4168	
4169	
4170	战技：火焰枪\n\n火焰骑士的首席，库德的战技。\n将武器指向前方，摆出准备突刺的架式，\n再朝前方释放火焰枪。\n借由蓄力发动能提升威力、提升枪的飞翔距离。
4171	
4172	
4173	
4174	
4175	
4176	
4177	
4178	
4179	
4180	战技：尊矣卡利亚\n\n卡利亚王室成员传承而来的战技。\n将剑身化为魔力大剑，再向下挥舞。\n再次发动，能大范围水平横扫。\n上述攻击能借由蓄力发动，提升威力。
4181	
4182	
4183	
4184	
4185	
4186	
4187	
4188	
4189	
4190	战技：悲恸惨叫\n\n遭受蹂躏的人们使用的战技。\n惨叫出声，让周围敌人陷入硬直的同时，\n再回想起深仇大恨，提升自身的攻击力。\n自身的血量越低，效果越佳。
4191	
4192	
4193	
4194	
4195	
4196	
4197	
4198	
4199	
4200	战技：盾牌攻击\n\n透过盾牌进行攻击的战技。\n再次发动能使出最多三次的追击。
4201	
4202	
4203	
4204	
4205	
4206	
4207	
4208	
4209	
4210	战技：埃贡的猎龙\n\n“龙战士”埃贡的战技。\n能侧身拉开大弓，发出咆哮的同时\n扭转弓弦射击，借此大幅提升攻击力。
4211	
4212	
4213	
4214	
4215	
4216	
4217	
4218	
4219	
4220	战技：唤起灵火\n\n在指向前方的武器，召唤灵火的战技。\n轻攻击能释放爬行地面的灵火；\n重攻击能引爆灵火，形成大爆炸。
5000	专用战技：伤龙斩\n\n狩猎巨大龙而有的战技。\n将气缠绕在碎石倒刺后跳起，\n跳到最高点之后，再向下斩击。\n借由蓄力发动，能释放气。
5001	
5002	
5003	
5004	
5005	
5006	
5007	
5008	
5009	
5010	专用战技：贯刺针\n\n“金针骑士”蕾妲的战技。\n形成十根黄金针，瞬间贯穿敌人。\n能消除受贯穿对象的特殊效果，\n以及所有异常状态。
5011	
5012	
5013	
5014	
5015	
5016	
5017	
5018	
5019	
5020	专用战技：光明\n\n让刻划在剑身的光芒，释放而出的战技。\n将剑身举至半空，形成眩目光芒，\n再以数道光线横扫周围。\n能暂时提升自身的圣属性攻击力。
5021	
5022	
5023	
5024	
5025	
5026	
5027	
5028	
5029	
5030	专用战技：黑暗\n\n将剑举至半空，以黑暗横扫周围的战技。\n给予敌人圣属性伤害的同时，\n也能暂时降低对方的圣属性减伤率。
5031	
5032	
5033	
5034	
5035	
5036	
5037	
5038	
5039	
5040	专用战技：翁吉的连星\n\n以亚人剑圣的名字命名的战技。\n对相连的辉石灌注魔力后，使出斩击。\n再次发动能使出最多两次的追击。\n每一次追击，威力会随之提升。
5041	
5042	
5043	
5044	
5045	
5046	
5047	
5048	
5049	
5050	战技：双刺毒花\n\n在脚底形成猩红腐败的棘刺，刺向敌人的战技。\n对上陷入中毒或猩红腐败状态的敌人，\n如果成功使出追击，能一口气给予大伤害。
5080	专用战技：回旋断首\n\n手持武器的两端，一边后弯身体，\n一边用融泥刀由上而下敲击的战技。\n再次发动，只要还有精力就能一直追击。\n发动后使出重攻击，能在跳跃之后使出回旋攻击。
5081	
5082	
5083	
5084	
5085	
5086	
5087	
5088	
5089	
5090	专用战技：无尽之舞\n\n激烈舞动之余，连续使出斩击的战技。\n持续发动的期间，\n只要还有精力，就能一直舞动。
5091	
5092	
5093	
5094	
5095	
5096	
5097	
5098	
5099	
5100	专用战技：复仇之刃\n\n手持双刀冲到敌人面前，再左右挥砍的战技。\n持续发动能提升冲刺的距离，\n发动后接着使出重攻击，能疯狂挥砍。
5101	
5102	
5103	
5104	
5105	
5106	
5107	
5108	
5109	
5110	专用战技：永眠烟雾\n\n朝前方形成大范围暗紫色烟雾的战技。\n暗紫色烟雾具有引发异常状态永眠的效果。
5111	
5112	
5113	
5114	
5115	
5116	
5117	
5118	
5119	
5120	专用战技：王朝镰技\n\n优雅地闪避攻击，与敌人拉开距离的战技。\n能控制往左右，或往后方进行闪避。\n发动后接着使出重攻击，能一边前进，一边上砍。\n再次使出重攻击，能优雅地下砍再往后闪避。
5121	
5122	
5123	
5124	
5125	
5126	
5127	
5128	
5129	
5130	专用战技：瞬雷之对斧\n\n压低身形摆出架式，将自身化为雷电，\n朝前方快速移动的战技。\n发动后使出重攻击，能使出缠绕雷电的回旋斩。
5131	
5132	
5133	
5134	
5135	
5136	
5137	
5138	
5139	
5140	专用战技：瞬雷之长柄斧\n\n压低身形摆出架式，将自身化为雷电，\n朝前方快速移动的战技。\n发动后使出重攻击，能使出缠绕雷电的跳跃斩。
5141	
5142	
5143	
5144	
5145	
5146	
5147	
5148	
5149	
5150	专用战技：约定之王\n\n在两把大剑的剑身缠绕米凯拉的光，\n使出伴随光柱的连续斩击。\n再次发动，能使出最多两次的连击。
5151	
5152	
5153	
5154	
5155	
5156	
5157	
5158	
5159	
5160	专用战技：影轮草头槌\n\n用影轮草的大花朵敲击，\n形成冲击波的同时，重压敌人的战技。\n再次发动能使出最多两次的追击。
5161	
5162	
5163	
5164	
5165	
5166	
5167	
5168	
5169	
5170	专用战技：月与火的架式\n\n举起两把灌注魔力的剑，接着施展魔法的战技。\n轻攻击能连续释放辉石光波；\n重攻击能一边旋身，一边用火焰横扫周围。\n光波能以再次发动，使出最多两次的追击。
5171	
5172	
5173	
5174	
5175	
5176	
5177	
5178	
5179	
5180	专用战技：泥盆亚的漩涡\n\n用熔炉的漩涡力量激烈旋转整个大槌，\n再顺势敲向地面，引发冲击的战技。\n借由蓄力发动，能提升威力。
5181	
5182	
5183	
5184	
5185	
5186	
5187	
5188	
5189	
5190	专用战技：梅瑟莫的强攻\n\n让刀刃缠绕火焰，使出猛烈连击的战技。\n再次发动能使出最多两次的追击。\n追击的尾声，会在周围形成无数的矛。
5210	专用战技：永恒沉眠\n\n用永眠的毒针，深深刺进敌人身体的战技。\n对上陷入催眠或永眠状态的敌人，\n如果成功使出追击，能一口气给予大伤害。
5211	
5212	
5213	
5214	
5215	
5216	
5217	
5218	
5219	
5220	专用战技：黄金穿刺\n\n轻柔跳上半空，从头部向下刺击的战技。\n贯穿敌人时，会从内部张开倒刺，重创对方；\n没有贯穿敌人时，再次发动能在周围形成倒刺。\n贯穿敌人时的模样，与黄金律法有些相似。
5221	
5222	
5223	
5224	
5225	
5226	
5227	
5228	
5229	
5230	专用战技：穆尔的突击\n\n用双手共持盾牌，防御的同时向前突进，\n最后再灌注铜绿魔力，向前推出的战技。\n能弹飞周围敌人，但不会给予大幅伤害。\n持续发动能增加移动距离。
5231	
5232	
5233	
5234	
5235	
5236	
5237	
5238	
5239	
5240	专用战技：白光突袭\n\n从古铁陨石的裂缝形成白色光芒，\n再顺势展开突袭，贯穿敌人的战技。\n再次发动，能引爆光芒。
5241	
5242	
5243	
5244	
5245	
5246	
5247	
5248	
5249	
5250	专用战技：怨魂斩\n\n一边旋身砍向敌人，\n一边召唤穷追不舍的怨魂的战技。\n再次发动能使出追击。
5251	
5252	
5253	
5254	
5255	
5256	
5257	
5258	
5259	
5260	专用战技：夜暗斩击\n\n水平持刀，让夜的黑暗缠绕刀身，\n再连续使出无形斩击的战技。\n此战技无法用防御挡下，\n借由蓄力发动能提升威力。
5261	
5262	
5263	
5264	
5265	
5266	
5267	
5268	
5269	
5270	专用战技：艾珀莉亚漩涡\n\n借由漩涡的力量激烈旋转整个剑身，\n再顺势朝前方连续斩击的战技。\n剑的光辉恢复得越多，威力就越强大。\n在发动战技之后，会失去光辉。
5271	
5272	
5273	
5274	
5275	
5276	
5277	
5278	
5279	
5280	专用战技：锻造术之矛\n\n将加热到火红的铁砧敲击地面的战技。\n在拔起武器的同时，能从地面形成无数的矛，\n而形成的矛会立刻消失。
5281	
5282	
5283	
5284	
5285	
5286	
5287	
5288	
5289	
5290	专用战技：怨魂斩\n\n一边旋身砍向敌人，\n一边召唤穷追不舍的怨魂的战技。\n再次发动能使出追击。
5291	
5292	
5293	
5294	
5295	
5296	
5297	
5298	
5299	
5300	专用战技：萝蜜娜的解厄\n\n在花蕾刀身缠绕猩红腐败的蝴蝶，\n使出两次大幅度轻柔斩击的战技。\n在过去，这是神圣的解厄作法。
5301	
5302	
5303	
5304	
5305	
5306	
5307	
5308	
5309	
5310	专用战技：贯穿毒手\n\n指尖向前用力刺出，贯穿敌人身体的战技。\n能一口气大量累积剧毒。
5311	
5312	
5313	
5314	
5315	
5316	
5317	
5318	
5319	
5320	专用战技：贯穿癫狂手\n\n指尖向前用力刺出，贯穿敌人身体的战技。\n能一口气大量累积发狂量表。
5321	
5322	
5323	
5324	
5325	
5326	
5327	
5328	
5329	
5330	专用战技：弱小王的癫火\n\n朝前方高举火把，散布癫火的战技。\n发动者与周围人物会累积发狂量表。\n持续发动能够维持使用。\n可以走动发动。
5331	
5332	
5333	
5334	
5335	
5336	
5337	
5338	
5339	
5340	专用战技：连射弩的射击\n\n启动连射构造之后，摆出架式的战技。\n在摆出架式后，能转动眼前的手把，\n连续射出弩箭。
5341	
5342	
5343	
5344	
5345	
5346	
5347	
5348	
5349	
5350	专用战技：灾厄之舞\n\n双手各持一把圆刃刀，\n快速旋身，斩杀敌人的战技。\n再次发动，能使出俐落下压踢。
5351	
5352	
5353	
5354	
5355	
5356	
5357	
5358	
5359	
5360	专用战技：扇形射击\n\n水平持弓，摆出架式的战技。\n能同时架上八支箭，以扇形发射。
5361	
5362	
5363	
5364	
5365	
5366	
5367	
5368	
5369	
5370	专用战技：飞盘投掷\n\n由锻造术催生的投掷战技。\n能将盾牌如飞盘般投掷出去。\n盾牌在空中短暂停留后，\n会以垂直方向旋转，飞向敌人。
5371	
5372	
5373	
5374	
5375	
5376	
5377	
5378	
5379	
5380	专用战技：花之龙雷\n\n对敌人降下古龙红落雷的战技。\n给予敌人雷属性伤害的同时，\n也能暂时降低对方的雷属性减伤率。\n借由蓄力发动，能提升威力。
5381	
5382	
5383	
5384	
5385	
5386	
5387	
5388	
5389	
5390	专用战技：叩头之怒\n\n用头部指激动致意的战技。\n致意之后会累积怒气，引发爆炸。\n持续发动，怒气会累积得更多。
5420	专用战技：痛击\n\n为了给予痛楚，特意使出的软鞭攻击。\n能暂时降低精力的恢复速度。\n痛楚，会使人屈服。
5421	
5422	
5423	
5424	
5425	
5426	
5427	
5428	
5429	
5430	专用战技：孤月斩\n\n用大剑迅速下砍，\n朝前方释放弧形光波的战技。\n发动后使出重攻击，能向前移动、使出追击。
5431	
5432	
5433	
5434	
5435	
5436	
5437	
5438	
5439	
5440	专用战技：黑夜式奉还\n\n对夜的黑暗灌注魔力，再行释放的战技。\n在防住攻击的当下立刻发动，\n能吸收攻击的力量，提升威力。
5441	
5442	
5443	
5444	
5445	
5446	
5447	
5448	
5449	
5450	专用战技：割草\n\n大幅度挥舞剑，随意割除人命的战技。\n再次发动，能持续进行攻击，\n直到精力耗尽才会停止。
5451	
5452	
5453	
5454	
5455	
5456	
5457	
5458	
5459	
5460	专用战技：幸福遮眼\n\n遮住头颅的双眼、摇动头颅。\n发出喟叹声的同时，\n让发动者的身影暂时难以辨识的战技。\n想得到幸福，就视而不见吧。
5461	
5462	
5463	
5464	
5465	
5466	
5467	
5468	
5469	
5470	专用战技：约里的拷问\n\n面向敌人举起大杖，\n连续释放形似倒刺的黄金弯弧。\n持续发动，会在短暂时间内继续释放。
5471	
5472	
5473	
5474	
5475	
5476	
5477	
5478	
5479	
5480	专用战技：咆哮冲击\n\n黄金狮子发出咆哮的同时，举起盾牌，\n再以防御姿势，直接用盾牌推击的战技。\n推动敌人，或让敌人失去平衡的有效范围较广。
5481	
5482	
5483	
5484	
5485	
5486	
5487	
5488	
5489	
5490	专用战技：释放剧毒\n\n拿出调香瓶，高举过头大幅挥动，\n大范围释放剧毒香粉的战技。\n剧毒优美舞动，悄然洒落。
5491	
5492	
5493	
5494	
5495	
5496	
5497	
5498	
5499	
5500	专用战技：蛇啊，燃烧吧\n\n在蛇的内部燃起烈火，\n暂时提升火属性攻击力的战技。\n在此状态下，使出重攻击等等，\n敲击地面的动作时，会因为冲击而产生爆炸。
5501	
5502	
5503	
5504	
5505	
5506	
5507	
5508	
5509	
5510	专用战技：多重投掷之爪\n\n透过锻造术的力量，在双手复制出钩爪，\n再同时、大量投掷出去的战技。\n再次发动能再一次投掷。
5511	
5512	
5513	
5514	
5515	
5516	
5517	
5518	
5519	
5520	专用战技：磨刀\n\n轻柔地磨刀，提升刀的锋利度，\n同时提升血量恢复量的战技。\n大维壶师们很珍惜赖以为生的工具。
5521	
5522	
5523	
5524	
5525	
5526	
5527	
5528	
5529	
5530	专用战技：角降临\n\n让混生角降临剑身的战技。\n直接将武器刺入地面，\n能形成向上刺起的角刺。
5531	
5532	
5533	
5534	
5535	
5536	
5537	
5538	
5539	
5540	专用战技：角降临之风暴\n\n让混生角降临剑身的战技。\n能以混生角唤起风暴，横扫敌人。\n再次发动能使出最多两次的追击。
5541	
5542	
5543	
5544	
5545	
5546	
5547	
5548	
5549	
5550	专用战技：巨剑阵\n\n山妖魔法骑士们使用的战技。\n能形成巨型魔力辉剑排成的圆阵。\n辉剑会自动飞向、攻击附近的敌人。\n发动后使出重攻击，能向前大幅跨出、突刺攻击。
5551	
5552	
5553	
5554	
5555	
5556	
5557	
5558	
5559	
5560	专用战技：血怪授血\n\n高举圣矛，刺进真实之母体内的战技。\n能在敌人周围形成血焰爆炸。\n再次发动，能连续使出最多三次。
5561	
5562	
5563	
5564	
5565	
5566	
5567	
5568	
5569	
5570	专用战技：龙形火焰\n\n从龙造型的嘴巴部分，喷出火焰的战技。\n能朝前方左右横扫喷火。\n火焰会短暂停留，持续燃烧地面。
5571	
5572	
5573	
5574	
5575	
5576	
5577	
5578	
5579	
5580	专用战技：光速斩\n\n将自身化成光，跳起后光速下砍的战技。\n攻击之后会形成光的连续追击。\n借由蓄力发动，能强化威力、增加追击次数。
5600	专用战技：怨魂射击\n\n召唤怨魂附在箭上，再连续射击的战技。\n附有怨魂的箭会穷追不舍地追踪敌人。
