1030000	获得了十字记号的地图。\n请从置物包确认。
1030001	获得了十字记号的地图。\n请从置物包确认。
1030002	
1030003	
1030004	
1030005	
1030006	
1030007	
1030008	
1030009	
1030010	获得了遗迹的地图。\n请从置物包确认。
1030011	获得了遗迹的地图。\n请从置物包确认。
1030012	获得了遗迹的地图。\n请从置物包确认。
1030013	
1030014	
1030015	
1030016	
1030017	
1030018	
1030019	
1030020	刻下的话语，浮现心头：\n“将我的左手臂，弃置于此。”
1030021	刻下的话语，浮现心头：\n“将我的眼眸，弃置于此”
1030022	刻下的话语，浮现心头：\n“将我初次舍去的躯体，弃置于此。”
1030023	刻下的话语，浮现心头：\n“将我的部分躯体，弃置于此。”
1030024	刻下的话语，浮现心头：\n“将我的心脏，弃置于此。”
1030025	刻下的话语，浮现心头：\n“将我的迷惘，弃置于此。”
1030026	刻下的话语，浮现心头：\n“将我最后舍去的躯体，弃置于此。”
1030027	刻下的话语，浮现心头：\n“将我的部分躯体，弃置于此。”
1030028	刻下的话语，浮现心头：\n“将我所有的恐惧，弃置于此。”
1030029	刻下的话语，浮现心头：\n“将我的爱，弃置于此。”
1030030	我的宝贝孩子──夭逝的尤利。
1030031	
1030032	
1030033	
1030034	
1030035	
1030036	
1030037	
1030038	
1030039	
1030040	某处的大卢恩已毁坏。
1030041	魅惑的力量好像失效了。
1030042	
1030043	
1030044	
1030045	
1030046	
1030047	
1030048	
1030049	
1030050	刻下的话语，浮现心头：\n“将我的部分躯体，弃置于此。”
1030051	刻下的话语，浮现心头：\n“将我的右手臂，弃置于此。”
1030052	刻下的话语，浮现心头：\n“将我的部分躯体，弃置于此。”
2020000	要前往幽影之地吗？
2020001	
2020002	受到幽影藏匿与封印。
2020003	
2020004	受米凯拉封印。
2020025	要将石鞘剑献给光明吗？
2020026	要将石鞘剑献给黑暗吗？
2020027	要将黑暗剑献给光明吗？
2020028	要将光明剑献给黑暗吗？
2020029	
2020030	某处的灵魂气流封印已解开。
2030000	要燃烧封印之树吗？
2030001	封印之树的幽影，隐匿了塔。\n没有“梅瑟莫的火种”，无法燃烧封印之树。
2062000	交界地的中心──\n所有死亡的汇集之处；\n所有死亡受镇抚之处。
2080601	要作为“金针骑士”蕾妲的协助者，\n接受召唤吗？
2080602	要作为老兵安帕赫的协助者，\n接受召唤吗？
2080603	要作为“金针骑士”蕾妲的协助者，\n接受召唤吗？
2080604	要作为角人的协助者，\n接受召唤吗？
2080605	要作为“金针骑士”蕾妲与其同伴的敌对者，\n接受召唤吗？
2080800	要召唤“龙战士”埃贡吗？
2080801	
2080802	
2080803	
2080804	
2080805	
2080806	
2080807	
2080808	
2080809	
2080810	要召唤休里耶吗？
2080840	要召唤“纯血骑士”安帕赫吗？\n（将于稍后召唤此协助者。）
2080841	
2080842	
2080843	
2080844	
2080845	
2080846	
2080847	
2080848	
2080849	
2080850	要召唤休里耶吗？\n（将于稍后召唤此协助者。）
2080851	
2080852	
2080853	
2080854	
2080855	
2080856	
2080857	
2080858	
2080859	
2080860	要召唤“鲜血贵族”奈坦吗？\n（将于稍后召唤此协助者。）
2080861	
2080862	
2080863	
2080864	
2080865	
2080866	
2080867	
2080868	
2080869	
2080870	要召唤角人吗？
2080871	
2080872	
2080873	
2080874	
2080875	
2080876	
2080877	
2080878	
2080879	
2080880	要召唤“黑夜剑士”约兰吗？
20208004	已使用<?gdsparam@2008004?>。
20208005	已使用<?gdsparam@2008005?>。
20208006	已使用<?gdsparam@2008006?>。
20208007	
20208008	
20208009	
20208010	
20208011	
20208012	
20208013	已使用<?gdsparam@2008013?>。
20208014	
20208015	
20208016	
20208017	
20208018	
20208019	
20208020	
20208021	
20208022	
20208023	已使用<?gdsparam@2008023?>。
20208036	已使用<?gdsparam@2008036?>。
