2000300	使用大龟裂壶制作的其中一项道具。\n大壶内封着各种混和材料，能借此产生火焰。\n\n能丢向敌人，给予更大幅火属性伤害。
2000301	
2000302	
2000303	
2000304	
2000305	
2000306	
2000307	
2000308	
2000309	
2000310	使用大龟裂壶制作的其中一项道具。\n只塞满碎裂岩石的大壶。\n\n能丢向敌人，给予大幅伤害。
2000311	
2000312	
2000313	
2000314	
2000315	
2000316	
2000317	
2000318	
2000319	
2000320	使用大龟裂壶制作的其中一项道具。\n大壶内封着各种混和材料，能借此产生雷电。\n\n能丢向敌人，给予更大幅雷属性伤害。
2000321	
2000322	
2000323	
2000324	
2000325	
2000326	
2000327	
2000328	
2000329	
2000330	使用大龟裂壶制作的其中一项道具。\n大壶内封着混和排泄物等等的材料，\n经发酵后产生毒素与恶臭，从壶内大量飘出。\n\n能丢向敌人，大量累积剧毒。\n\n拿着此壶也会逐渐累积剧毒毒素──\n正所谓害人亦害己，\n利用粪便当武器将难以全身而退。
2000331	
2000332	
2000333	
2000334	
2000335	
2000336	
2000337	
2000338	
2000339	
2000340	使用大龟裂壶制作的其中一项道具。\n大壶内封着混和排泄物等等的材料。\n\n能丢向敌人，招来一大群血蝇攻击。\n蝇群给予伤害的同时，也能大幅累积出血量表。\n振翅的声音会使发狂士兵抓狂。\n\n排泄物内的蛆会以血为食，长成苍蝇。\n此种苍蝇相当凶猛，却也短命得令人生怜。
2000360	使用大龟裂壶制作的其中一项道具。\n大壶内封着各种混和的结冰材料。\n\n能丢向敌人，大幅累积冻伤量表。
2000361	
2000362	
2000363	
2000364	
2000365	
2000366	
2000367	
2000368	
2000369	
2000370	使用大龟裂壶制作的其中一项道具。\n大壶内封着各种混和的有毒材料。\n\n能丢向敌人，大幅累积中毒量表。
2000371	
2000372	
2000373	
2000374	
2000375	
2000376	
2000377	
2000378	
2000379	
2000380	使用大龟裂壶制作的其中一项道具。\n大壶内封着各种混和的含油材料。\n\n能丢向敌人，让对方更加浑身油污。\n\n当敌人更加浑身油污时，\n能更大幅提升给予对方的火属性伤害。
2000600	使用大龟裂壶制作的其中一项道具。\n大壶内封着敲碎的高温燃气石。\n\n能丢向敌人，产生强烈热气，\n给予接触到的人物大幅火属性伤害。\n热气会在原地短暂停留。
2000620	使用大龟裂壶制作的其中一项道具。\n大壶内封着各种混和的癫火材料。\n\n能丢向敌人，大幅累积发狂量表。\n\n癫火烧熔双眼，带来心灵平静──\n此为给予救赎的壶。
2000650	使用大龟裂壶制作的其中一项道具。\n执行过古老死亡咒术的大壶。\n\n能消耗专注值丢向敌人，\n形成穷追不舍的大量怨魂群。\n\n在远古时代，死亡会受灵火洗礼，\n据说怨魂是灵火燃烧后的残渣。
2000651	
2000652	
2000653	
2000654	
2000655	
2000656	
2000657	
2000658	
2000659	
2000660	使用大龟裂壶制作的其中一项道具。\n大壶内封着各种混和材料，能借此产生魔力。\n\n能丢向敌人，给予更大幅魔力属性伤害。
2000661	
2000662	
2000663	
2000664	
2000665	
2000666	
2000667	
2000668	
2000669	
2000670	使用大龟裂壶制作的其中一项道具。\n大壶内封着各种混和的腐败材料。\n\n能丢向敌人，大幅累积猩红腐败量表。\n\n腐败是其中一种外在神祇的为神本质。\n犹如恐怖的瘟疫，侵蚀着生命。
2000671	
2000672	
2000673	
2000674	
2000675	
2000676	
2000677	
2000678	
2000679	
2000680	使用大龟裂壶制作的其中一项道具。\n执行过燃炉咒术的大壶。\n\n能丢向敌人，形成漩涡状火焰。\n\n燃炉火焰能连同灵魂，将人燃烧殆尽。\n因此在焚烧污秽时，会称作净化。
2000681	
2000682	
2000683	
2000684	
2000685	
2000686	
2000687	
2000688	
2000689	
2000690	使用大龟裂壶制作的其中一项道具。\n大壶内封着各种混和材料，能借此产生红雷。\n\n能丢向敌人，给予大幅雷属性伤害，\n范围遍及周围的敌人。\n\n据说背叛王、投入暴君麾下的古龙，\n它们的红雷招式具有蔓延特性。
2000691	
2000692	
2000693	
2000694	
2000695	
2000696	
2000697	
2000698	
2000699	
2000700	使用仪式壶制作的其中一项道具。\n壶内封着各种混和材料，能借此产生红雷。\n\n能丢向敌人，给予雷属性伤害，\n范围遍及周围的敌人。\n\n据说背叛王、投入暴君麾下的古龙，\n它们的红雷招式具有蔓延特性。
2000701	
2000702	
2000703	
2000704	
2000705	
2000706	
2000707	
2000708	
2000709	
2000710	使用龟裂壶制作的其中一项道具。\n壶内封着各种混和的癫火材料。\n\n能丢向敌人，累积发狂量表。\n\n癫火烧熔双眼，带来心灵平静──\n此为给予救赎的壶。
2000740	使用仪式壶制作的其中一项道具。\n执行过圣女托莉娜祷告的壶。\n\n能消耗专注值丢向敌人，累积永眠量表。\n\n当坠入那深沉酣眠，\n太过弱小的，将不复苏醒。
2000760	使用龟裂壶制作的其中一项道具。\n壶内封着各种混和的癫火材料。\n壶口绑着丢掷用的短绳。\n\n能丢向背后的敌人，累积发狂量表。\n\n癫火烧熔双眼，带来心灵平静──\n此为给予救赎的壶。
2000800	曝晒拉答果实，干燥处理后的成品。\n能够制作的其中一项道具。\n\n在骑马时喂给灵马托雷特，\n奔驰时，将变得能推动敌人。\n一定时间后，效果会消失。\n\n原本是用于提升灵性力量的苦药。\n托雷特看起来很满意。
2000900	据说是黄金树女王玛莉卡\n亲自施予赐福的特殊灵药。\n\n能完全恢复血量，治愈所有异常状态。\n\n玛莉卡为了梅瑟莫制作数瓶灵药，\n但在那之后，不曾再动手制作。
2000901	
2000902	
2000903	
2000904	
2000905	
2000906	
2000907	
2000908	
2000909	
2000910	执行过暗紫祷告的树枝。\n能够制作的其中一项道具。\n\n能刺向自己，缓慢累积催眠量表，\n同时间也缓慢恢复专注值。\n\n催眠量表的累积突破界限后，\n意识会瞬间模糊，但不会减少专注值。\n\n有些意识，需要在半梦半醒间才会觉察；\n有些记忆也会借此从心底浮现。
2001100	持续带有热度的野兽肉块。\n能够制作的其中一项道具。\n\n能提升生命力、耐力、力气、灵巧，\n但会缓慢减少血量。\n\n透过人为力量重现的逆鳞肉块，\n能暂时满足龙战士的渴望。
2001101	
2001102	
2001103	
2001104	
2001105	生长在古龙身体上的逆鳞，\n取用其中位于根部，带有热度的肉块。\n\n直接食用能提升生命力、耐力、力气、灵巧，\n但会缓慢减少血量。\n\n对龙战士而言，龙热是最上乘的美酒。
2001106	
2001107	
2001108	
2001109	
2001110	表面有着漩涡状纹路的药丸。\n能够制作的其中一项道具。\n\n能提升集中力、智力、信仰、感应，\n但会缓慢减少血量。\n\n试图以人身成为指头的人们持有的秘药。\n吃下药丸后，会感觉到某物在体内窜动。
2001111	
2001112	
2001113	
2001114	
2001115	
2001116	
2001117	
2001118	
2001119	
2001120	浸泡蓝色药水，腌渍处理后的野兽肝脏。\n能够制作的其中一项道具。\n\n能暂时大幅提升魔力属性减伤率，\n大幅减轻魔力属性攻击所造成的损伤。\n\n集物虫们制作腌渍物时，\n会先将材料发酵处理，进而提高效用。\n这强烈的味道，最后也会为之上瘾。
2001121	
2001122	
2001123	
2001124	
2001125	
2001126	
2001127	
2001128	
2001129	
2001130	浸泡红色药水，腌渍处理后的野兽肝脏。\n能够制作的其中一项道具。\n\n能暂时大幅提升火属性减伤率，\n大幅减轻火属性攻击所造成的损伤。\n\n集物虫们制作腌渍物时，\n会先将材料发酵处理，进而提高效用。\n这强烈的味道，最后也会为之上瘾。
2001131	
2001132	
2001133	
2001134	
2001135	
2001136	
2001137	
2001138	
2001139	
2001140	浸泡黄色药水，腌渍处理后的野兽肝脏。\n能够制作的其中一项道具。\n\n能暂时大幅提升雷属性减伤率，\n大幅减轻雷属性攻击所造成的损伤。\n\n集物虫们制作腌渍物时，\n会先将材料发酵处理，进而提高效用。\n这强烈的味道，最后也会为之上瘾。
2001141	
2001142	
2001143	
2001144	
2001145	
2001146	
2001147	
2001148	
2001149	
2001150	浸泡金色药水，腌渍处理后的野兽肝脏。\n能够制作的其中一项道具。\n\n能暂时大幅提升圣属性减伤率，\n大幅减轻圣属性攻击所造成的损伤。\n\n集物虫们制作腌渍物时，\n会先将材料发酵处理，进而提高效用。\n这强烈的味道，最后也会为之上瘾。
2001151	
2001152	
2001153	
2001154	
2001155	
2001156	
2001157	
2001158	
2001159	
2001160	浸泡珍珠色药水，腌渍处理后的野兽肝脏。\n能够制作的其中一项道具。\n\n能暂时大幅提升物理以外的减伤率，\n大幅减轻物理以外的属性攻击所造成的损伤。\n\n集物虫们制作腌渍物时，\n会先将材料发酵处理，进而提高效用。\n这强烈的味道，最后也会为之上瘾。
2001161	
2001162	
2001163	
2001164	
2001165	
2001166	
2001167	
2001168	
2001169	
2001170	充分浸泡过苦味药水的乌龟脖子肉。\n能够制作的其中一项道具。\n\n能暂时大幅提升精力的恢复速度。\n\n集物虫们制作腌渍物时，\n会先将材料发酵处理，进而提高效用。\n这强烈的味道，最后也会为之上瘾。
2001200	用黑色汤汁炖煮的蝎子。\n角人的传统料理。\n\n能暂时提升物理减伤率，缓慢恢复血量。\n\n老妪亲手做的料理──\n过去家人团聚用餐时，会出现在餐桌上。\n料理已经完全冷掉，传出一阵酸味。
2001201	用黑色汤汁炖煮的蝎子。\n加入大量美味蝎螯的豪华料理。\n\n能暂时提升物理减伤率，缓慢大幅恢复血量。\n\n烹调者的心意会融入炖煮料理之中，\n然而了解个中滋味的人，少之又少。\n\n　勇人啊，尽情享用吧。
2001202	用黑色汤汁炖煮的蝎子。\n角人的传统料理。\n\n能暂时提升物理减伤率，缓慢恢复血量。\n\n料理已经完全冷掉，传出一阵酸味。
2001203	用黑色汤汁炖煮的蝎子。\n加入大量美味蝎螯的豪华料理。\n\n能暂时提升物理减伤率，缓慢大幅恢复血量。\n\n烹调者的心意会融入炖煮料理之中，\n然而了解个中滋味的人，少之又少。
2001204	
2001205	
2001206	
2001207	
2001208	
2001209	
2001210	富含血汁的生肉。\n血怪们的特殊食物。\n\n能暂时提升物理攻击力与感应，\n当周围人物陷入异常状态出血时，\n会更加提升攻击力。\n\n据说那鲜血来自无形之母的伤口，\n永保湿润，不会腐坏。
2001211	
2001212	
2001213	
2001214	
2001215	
2001216	
2001217	
2001218	
2001219	
2001220	角人们使用的古老货币。\n选用卷曲的角加工，涂成银白色的物品。\n\n能暂时提升观察力。\n另外，此物品也被以高价进行买卖。\n\n在过去，拥有此货币的人们，\n被视为是得天独厚的代表。
2001221	
2001222	
2001223	
2001224	
2001225	
2001226	
2001227	
2001228	
2001229	
2001230	角人们使用的古老货币。\n选用卷曲的角加工，涂成金黄色的物品。\n\n一定时间内，增加打倒敌人后获得的卢恩。\n另外，此物品也被以高价进行买卖。\n\n在过去，执行拷问的人们\n会受赐此货币，作为荣誉的象征。
2001400	混和能产生火焰的材料制成的瘤脂。\n能够制作的其中一项道具。\n\n能涂在武器上，附加较强的火属性攻击力。\n一定时间后，效果会消失。\n\n火焰是圣战的象征──\n据说在梅瑟莫军，下至士兵都能以火焰攻击。
2001401	
2001402	
2001403	
2001404	
2001405	
2001406	
2001407	
2001408	
2001409	
2001410	混和能产生雷电的材料制成的瘤脂。\n能够制作的其中一项道具。\n\n能涂在武器上，附加较强的雷属性攻击力。\n一定时间后，效果会消失。\n\n在过去，龙信仰骑士们侍奉黄金王子。\n据说此为他们使用的物品。
2001411	
2001412	
2001413	
2001414	
2001415	
2001416	
2001417	
2001418	
2001419	
2001420	混和能产生魔力的材料制成的瘤脂。\n能够制作的其中一项道具。\n\n能涂在武器上，附加较强的魔力属性攻击力。\n一定时间后，效果会消失。\n\n据说侍奉卡利亚王室的低阶骑士们\n不会受赐骑士剑，取而代之是获得此物。
2001421	
2001422	
2001423	
2001424	
2001425	
2001426	
2001427	
2001428	
2001429	
2001430	混和能产生神圣性的材料制成的瘤脂。\n能够制作的其中一项道具。\n\n能涂在武器上，附加较强的圣属性攻击力。\n一定时间后，效果会消失。\n\n执行过远古黄金树祷告的道具。\n在幽影之地，此类道具非常稀有。
2001450	混和深紫色材料制成的瘤脂。\n能够制作的其中一项道具。\n\n能涂在武器上，附加异常状态永眠。\n一定时间后，效果会消失。\n\n当坠入那深沉酣眠，\n太过弱小的，将不复苏醒。
2001480	混和尖锐碎石制成的瘤脂。\n能够制作的其中一项道具。\n\n能涂在武器上，额外大幅增加对龙的伤害。\n一定时间后，效果会消失。\n\n远古龙飨战士们的道具──\n利用古龙的憎恨，撕裂那群龙。
2001500	混和能产生火焰的材料制成的瘤脂。\n能够制作的其中一项道具。\n\n附有短小的绳索，能快速涂在武器上，\n附加较强的火属性攻击力。\n由于脂块较小，有效时间偏短。\n\n火焰是圣战的象征──\n据说在梅瑟莫军，下至士兵都能以火焰攻击。
2001501	
2001502	
2001503	
2001504	
2001505	
2001506	
2001507	
2001508	
2001509	
2001510	混和能产生雷电的材料制成的瘤脂。\n能够制作的其中一项道具。\n\n附有短小的绳索，能快速涂在武器上，\n附加较强的雷属性攻击力。\n由于脂块较小，有效时间偏短。\n\n在过去，龙信仰骑士们侍奉黄金王子。\n据说此为他们使用的物品。
2001511	
2001512	
2001513	
2001514	
2001515	
2001516	
2001517	
2001518	
2001519	
2001520	混和能产生魔力的材料制成的瘤脂。\n能够制作的其中一项道具。\n\n附有短小的绳索，能快速涂在武器上，\n附加较强的魔力属性攻击力。\n由于脂块较小，有效时间偏短。\n\n据说侍奉卡利亚王室的低阶骑士们\n不会受赐骑士剑，取而代之是获得此物。
2001521	
2001522	
2001523	
2001524	
2001525	
2001526	
2001527	
2001528	
2001529	
2001530	混和能产生神圣性的材料制成的瘤脂。\n能够制作的其中一项道具。\n\n附有短小的绳索，能快速涂在武器上，\n附加较强的圣属性攻击力。\n由于脂块较小，有效时间偏短。\n\n执行过远古黄金树祷告的道具。\n在幽影之地，此类道具非常稀有。
2001550	混和深紫色材料制成的瘤脂。\n能够制作的其中一项道具。\n\n附有短小的绳索，能快速涂在武器上，\n附加异常状态永眠。\n由于脂块较小，有效时间偏短。\n\n当坠入那深沉酣眠，\n太过弱小的，将不复苏醒。
2001600	混和遗骨碎片等等材料制成的瘤脂。\n能够制作的其中一项道具。\n\n能涂在武器上，执行庆典祷告，\n攻击命中时，能获得微量的卢恩。\n一定时间后，效果会消失。\n\n惹人怜爱的庆典是历史悠久的习俗，\n黄金树默许它继续存在。
2001700	填入大壶的肉块中，被切除的多余部分。\n怨魂紧紧依附在不时颤动的浅红色肉块上。\n\n能丢向敌人，给予伤害。\n\n为了让罪人们重生为善良的好人，\n他们被细细切碎，塞进大壶内。
2001701	
2001702	
2001703	
2001704	
2001705	
2001706	
2001707	
2001708	
2001709	
2001710	排列大量尖锐碎石制成的鱼叉。\n能够制作的其中一项道具。\n\n能丢向敌人，给予大幅伤害。\n并额外增加对龙的伤害。\n\n远古龙飨战士们的道具──\n利用古龙的憎恨，撕裂那群龙。
2002000	加工灵墓碑石制成，守墓者持有的道具。\n能够制作的其中一项道具。\n\n能朝前方丢掷，在掉落的地点\n发出人活动时会有的声响。\n\n据说是孤独的守墓者思念人群时，\n用来平抚心情的物品。
2002001	
2002002	
2002003	
2002004	
2002005	
2002006	
2002007	
2002008	
2002009	
2002010	据说是龙飨古老原型的心脏。\n在裸体状态使用后，能以人身化为古龙。\n\n除非死亡，否则无法恢复人身。\n在古龙型态再次使用，能暂时强化龙飨的祷告。\n\n以人身眺望的最后景象，是落日余晖──\n然而映入眼帘的一切却黯淡褪色；\n要将那景象称作永恒，实在是相去甚远。
2002011	
2002012	
2002013	
2002014	
2002015	
2002016	
2002017	
2002018	
2002019	
2002020	龙飨女巫的岩石心脏。\n在裸体状态使用后，能以人身化为古龙。\n\n除非死亡，否则无法恢复人身。\n在古龙型态再次使用，\n能暂时强化王城古龙信仰的祷告。\n\n在过去，女巫是古龙。\n为了讨伐凶恶龙贝勒，她奉献自己，\n幻化成弱小的型态。
2002021	
2002022	
2002023	
2002024	
2002025	
2002026	
2002027	
2002028	
2002029	
2002030	参考发出幸福喟叹的模样，制成的石面具。\n在裸体状态使用后，能变形为喟叹者。\n\n除非死亡，否则无法恢复人身。\n在喟叹者型态再次使用，能让头部变得巨大。\n\n此为身处乐园的人会有的模样，\n然而塔的人们却拒绝接受，并隐藏其存在──\n竟然会害怕幸福，实在愚昧。
2002100	龙飨女巫以“龙王”普拉顿桑克斯之名，\n带来的恩泽。\n\n能消耗专注值，提升包含物理的所有减伤率，\n也能提升防御时的减伤率。\n\n据说女巫献上自己每一晚的安眠，\n借此借取龙王的恩泽力量。
2002120	执行过黄金树祷告的覆眼膜。\n\n戴在眼睛上，能给予片刻的赐福光芒。\n使用后，能让装备的大卢恩带来恩惠。\n\n在幽影之地的黄金树神父们，\n会用于平抚信徒的不安情绪──\n此为欺骗之举，因此效果十足。
2002121	
2002122	
2002123	
2002124	
2002125	
2002126	
2002127	
2002128	
2002129	
2002130	如黑暗般黯淡的覆眼膜。\n\n戴在眼睛上，能夺走所有光芒。\n使用后，能让装备的大卢恩带来恩惠，\n但会失去所有的卢恩。\n\n在幽影之地的黄金树神父们，\n会用于挑动信徒的恐惧情绪──\n此为欺骗之举，因此效果十足。
2002131	
2002132	
2002133	
2002134	
2002135	
2002136	
2002137	
2002138	
2002139	
2002140	休里耶制作的黑色秘药。\n\n据说连古龙也会陷入沉睡的秘药。\n浓缩制成的催眠毒药，\n一般人喝下，会立刻死亡。\n\n他怀念托莉娜的酣眠，于是制作此物，\n然而在那黑色的睡眠中，毫无收获──\n没有感受到花蜜的甜美，\n也没有感受到半梦半醒间的温存。
2002141	
2002142	
2002143	
2002144	
2002145	
2002146	
2002147	
2002148	
2002149	
2002150	仿造人头的歪扭泥土艺品。\n能发出幸福的喟叹声。\n\n那个声音在脑海中回荡──\n　呜呜、呜呜、呜呜、呜呜。
2002900	受幽影树雕琢的\n老将盖乌斯的追忆。\n\n透过解指的帮助，能获得追忆之主的力量。\n如果直接使用，能获得巨量的卢恩。\n\n因为双方都身为狮子的兄长，\n也因为彼此的存在本身，都被视为诅咒──\n盖乌斯不只成为梅瑟莫的将领，也成为朋友。
2002901	受幽影树雕琢的\n“穿刺者”梅瑟莫的追忆。\n\n透过解指的帮助，能获得追忆之主的力量。\n如果直接使用，能获得巨量的卢恩。\n\n梅瑟莫的体内，有恶之蛇蠢蠢欲动──\n于是他的母亲将封印赐福取代眼眸，放入眼窝。\n然而即便如此，她依然将梅瑟莫藏在幽影之中。\n\n连同初始之罪，以及无法遗忘的憎恨一起隐藏。
2002902	受幽影树雕琢的\n幽影树的化身的追忆。\n\n透过解指的帮助，能获得追忆之主的力量。\n如果直接使用，能获得巨量的卢恩。\n\n幽影树是黄金树的影子，\n诞生自无法称作律法的灰暗意念──\n也因此它的外型歪扭，十分脆弱。
2002903	受幽影树雕琢的\n“双月骑士”蕾菈娜的追忆。\n\n透过解指的帮助，能获得追忆之主的力量。\n如果直接使用，能获得巨量的卢恩。\n\n在过去，她贵为卡利亚公主，\n却舍弃原生家庭，选择待在梅瑟莫身旁──\n即使心里明了，月的光辉无法治愈身边的那个人。\n\n不知从何时起，“梅瑟莫的利剑”成为她的别称。
2002904	受幽影树雕琢的\n“花蕾圣女”萝蜜娜的追忆。\n\n透过解指的帮助，能获得追忆之主的力量。\n如果直接使用，能获得巨量的卢恩。\n\n在受火焚烧的教堂中，\n萝蜜娜发现了异样的为神本质──\n她向那不祥的猩红腐败求助：\n　希望在烧毁的地方，花蕾能再一次萌发。
2002905	受幽影树雕琢的神兽舞狮的追忆。\n\n透过解指的帮助，能获得追忆之主的力量。\n如果直接使用，能获得巨量的卢恩。\n\n在穿刺者的军队侵袭塔的时候，\n舞狮的愤怒，还有那绚丽华美的舞蹈──\n所有的一切从敬神的仪式，转变为抗战的手段。
2002906	
2002907	受幽影树雕琢的\n“米凯拉的王”拉塔恩的追忆。\n\n透过解指的帮助，能获得追忆之主的力量。\n如果直接使用，能获得巨量的卢恩。\n\n在年幼时期，米凯拉发现了拉塔恩的为王资质──\n拉塔恩既强大，又有一颗温柔的心；\n这是脆弱的他们所没有的特质。\n\n所以米凯拉衷心地期盼：\n　请你成为我的王。
2002908	受幽影树雕琢的\n“癫火之王”米德拉的追忆。\n\n透过解指的帮助，能获得追忆之主的力量。\n如果直接使用，能获得巨量的卢恩。\n\n在黄金倒刺带来的永恒痛苦之中，\n娜娜亚的话是米德拉的支柱──\n\n　请您忍耐。\n\n那句话，就是诅咒。
2002909	受幽影树雕琢的\n“指头之母”梅蒂尔的追忆。\n\n透过解指的帮助，能获得追忆之主的力量。\n如果直接使用，能获得巨量的卢恩。\n\n无上意志的耀眼女儿，\n是所有的双指以及指虫的母亲，\n也是坠落到交界地的初始流星。
2002910	受幽影树雕琢的融泥骑士的追忆。\n\n透过解指的帮助，能获得追忆之主的力量。\n如果直接使用，能获得巨量的卢恩。\n\n融泥是污秽尸肉最后化成的模样。\n托莉娜的花蜜让他们得到永恒的安眠，\n也因此，融泥成为了她的骑士。
2002950	“金针骑士”蕾妲的赐福。\n其中蕴藏的纯净光芒，尚未在其他人眼中见过。\n\n使用后能获得４００００卢恩。\n\n此为米凯拉赠予的温柔黄金，\n为的是让她褪色的眼睛添上色彩。
2002951	在幽影之地倒下的人们身上的赐福，\n所残存下来的黄金余韵。\n\n使用后能获得５００卢恩。\n\n赐福已经毁坏，就快消失。
2002952	在幽影之地倒下的人们身上的赐福，\n所残存下来的黄金碎屑。\n\n使用后能获得７５００卢恩。\n\n幽影树是黄金树的影子，\n也因此，赐福的光芒更加强烈。
2002953	在幽影之地倒下的人们身上的赐福，\n所残存下来的黄金碎屑。\n\n使用后能获得１００００卢恩。\n\n幽影树是黄金树的影子，\n也因此，赐福的光芒更加强烈。
2002954	在幽影之地倒下的人们身上的赐福，\n所残存下来的黄金碎屑。\n\n使用后能获得１２５００卢恩。\n\n据说参与圣战的士兵们，\n受赐了更多的赐福。
2002955	在幽影之地倒下的人们身上的赐福，\n所残存下来的黄金碎屑。\n\n使用后能获得１５０００卢恩。\n\n据说参与圣战的士兵们，\n受赐了更多的赐福。
2002956	在幽影之地倒下的人们身上的赐福，\n所残存下来的黄金碎屑。\n\n使用后能获得１７５００卢恩。\n\n在无人造访，被人遗忘的地方，\n赐福默默地增强自身的光芒。
2002957	在幽影之地倒下的人们身上的赐福，\n所残存下来的黄金碎屑。\n\n使用后能获得２２５００卢恩。\n\n在无人造访，被人遗忘的地方，\n赐福默默地增强自身的光芒。
2002958	在幽影之地倒下的人们身上的赐福，\n所残存下来的黄金碎屑。\n\n使用后能获得３００００卢恩。\n\n在无人造访，被人遗忘的地方，\n赐福默默地增强自身的光芒。
2002959	在幽影之地倒下的英雄们身上的赐福，\n所残存下来的黄金碎屑。\n\n使用后能获得５００００卢恩。\n\n过去在战场上，存在着英雄──\n他们蒙受黄金树的强大赐福，\n但毫无名誉地迎向死亡。
2002960	玛莉卡女王亲自赐予\n参与圣战的英雄的赐福，\n所残存下来的黄金碎屑。\n\n使用后能获得８００００卢恩。\n\n那赐福的光芒，连英雄都会为之恍惚。
2003000	嵌入纯白色宝石的大颗巢穴石。\n据说是用特殊的结石磨制而成。\n\n用于控制灵力爆炸的诅咒器具。\n使用后，精灵石内的精灵会消失，\n消失的当下能引发灵力爆炸。\n\n与精灵之间建立情谊，\n为的是在日后断绝情谊。
2003001	精灵栖宿在劳弗巢穴内的物品。\n能够制作的其中一项道具。\n\n能消耗专注值，释放缓慢追踪敌人的精灵。\n一定时间后，发光的精灵会渐渐消失，\n在消失的那一刻，引发灵力爆炸。\n\n根据角人学者留下的记录，\n据说“情谊石”能控制精灵消失的时机。
2003130	长满混生角的幼子像。\n\n能消耗专注值，在使用者周围召唤怨魂。\n怨魂会对敌人穷追不舍。\n\n混生角是充满灵性力量的象征。\n但如果诞生时，身上的角过于巨大，\n绝大部分的婴儿都会难逃一死。\n此为供养用的雕像。
2003131	
2003132	
2003133	
2003134	
2003135	
2003136	
2003137	
2003138	
2003139	
2003140	缠绕火红布料的小瓶子。\n里面装满具可燃性的香油。\n\n能消耗专注值，朝前方释放火焰。\n\n据说拉纳舞娘会偷偷携带此物跳舞，\n当热情的舞蹈表演到达高潮时，\n会释放炙热火焰与甜美香气，替表演锦上添花。
2003141	
2003142	
2003143	
2003144	
2003145	
2003146	
2003147	
2003148	
2003149	
2003150	以守墓者头盖骨作为触媒的古老诅咒器具。\n能够制作的其中一项道具。\n\n能消耗专注值，在命中的地方召唤因死迷途的人。\n迷途者会一边回旋，一边横扫周围，\n攻击三次后会消失。\n\n自古以来，死者皆是迷途羔羊，\n因此需要有人挺身引导。
2003151	
2003152	
2003153	
2003154	
2003155	
2003156	
2003157	
2003158	
2003159	
2003160	用癫火燃烧灵墓碑石后的产物。\n能够制作的其中一项道具。\n\n能消耗专注值放置地面，在原地散布癫火。\n\n据说连本该永恒不灭的灵魂\n都不敌癫火，烧熔消失──\n这就是角人们嫌恶癫火的原因。
2003161	
2003162	
2003163	
2003164	
2003165	
2003166	
2003167	
2003168	
2003169	
2003170	执行过黄金树祷告，化为光的遗骨。\n能够制作的其中一项道具。\n\n能消耗专注值高举，包含周围我方人物，\n提升攻击力与防御力。\n\n同袍们信仰远方的黄金树，为圣战捐躯──\n此为继承先人遗志的仪式。
2003171	
2003172	
2003173	
2003174	
2003175	
2003176	
2003177	
2003178	
2003179	
2003180	梅瑟莫军的士兵使用的火焰技术。\n蜷曲交缠的余火。\n能够制作的其中一项道具。\n\n能消耗专注值丢出，在命中的地方\n形成娇小的火焰蛇蜿蜒前进、追踪敌人。\n\n火焰是圣战的象征──\n据说在梅瑟莫军，下至士兵都能以火焰攻击。
2003181	
2003182	
2003183	
2003184	
2003185	
2003186	
2003187	
2003188	
2003189	
2003190	火精灵栖宿在劳弗巢穴的物品。\n能够制作的其中一项道具。\n\n能消耗专注值，释放在地面跳动前进的火精灵。\n能贯穿敌人，给予火属性伤害。\n\n火精灵是其中一种精灵。\n据说在精灵之中，它们的特性较为火爆。
2003191	
2003192	
2003193	
2003194	
2003195	
2003196	
2003197	
2003198	
2003199	
2003200	浮现发光指纹纹路的指甲石。\n能够制作的其中一项道具。\n\n能消耗专注值，释放迸裂飞去的魔力指爪。\n\n八目鳗是指头遗迹的守卫，\n与人类相比，它们更接近指头。\n因此，指头追寻者们会模仿它们的魔法。
2003310	执行过黄金树祷告的灵墓碑石。\n能够制作的其中一项道具。\n\n能消耗专注值发出温暖阳光，\n让附近的人物持续恢复血量。\n比温热石的效果更强。\n\n在幽暗的地方，阳光更加温暖。
2003350	执行过纯净金祷告的树枝。\n能够制作的其中一项道具。\n\n能消耗专注值，让刺中的对象\n与周围的敌人受到魅惑。\n受到魅惑的敌人会暂时成为同伴。\n\n即使是立场上会爆发冲突的人，\n米凯拉都有办法让他们携手合作──\n前提是魅惑依然有效。
2004300	侍奉卡利亚王室的魔法教授的招式。\n\n能溶入辉石烟雾，隐藏自己的身影，\n片刻之后会再次现身。\n能以前后、左右控制现身的位置。\n\n据说书斋管理员精通此魔法，\n因此以她的名字命名。
2004301	
2004302	
2004303	
2004304	
2004305	
2004306	
2004307	
2004308	
2004309	
2004310	卡利亚王室的古老魔法。\n\n能在自身头上画出魔法阵，\n形成延后现形、飞向敌人的三只辉剑。\n可以走动施展，借由蓄力能延后辉剑形成的时间。\n\n辉剑圆阵类魔法的原型，在幽影之地独立发展。
2004311	
2004312	
2004313	
2004314	
2004315	
2004316	
2004317	
2004318	
2004319	
2004320	“双月骑士”蕾菈娜的魔法。\n卡利亚公主的象征魔法。\n\n能呼唤重迭双月降临自身，\n月亮将朝地面先后坠落。\n那对月亮将以月光剧烈撼动大地。\n\n蕾菈娜在年幼时期，\n与姊姊蕾娜菈一起遇见了月亮──\n那是一对互相重迭，彼此依偎的月亮。
2004500	“大祭司”尤弥尔的辉石魔法。\n据说是在神秘遗迹发现的其中一种指头魔法。\n\n能释放迸裂飞去的魔力指爪。\n借由蓄力能提升威力。\n\n尤弥尔不以为意地表示：\n　这不过是让人思索真相用的小把戏。
2004501	
2004502	
2004503	
2004504	
2004505	
2004506	
2004507	
2004508	
2004509	
2004510	“大祭司”尤弥尔的辉石魔法。\n据说是在神秘遗迹发现的其中一种指头魔法。\n\n能释放迸裂飞去的多个魔力指爪。\n借由蓄力能提升威力。\n\n尤弥尔不以为意地表示：\n　这不过是让人思索真相用的小把戏。
2004700	老将盖乌斯的魔法，能控制重力。\n\n能从大地形成岩块刀刃。\n借由蓄力能形成刀刃三次。\n\n据说年轻时期的盖乌斯与拉塔恩\n共同钻研、习得此招式。
2004701	
2004702	
2004703	
2004704	
2004705	
2004706	
2004707	
2004708	
2004709	
2004710	其中一种控制重力的辉石魔法。\n\n能释放重力球，接连拉近敌人，\n最后再引发爆炸。\n借由蓄力能增加前进距离，与拉近敌人的次数。\n\n据说源自坠星兽物的故乡──\n那存在于遥远彼端的无光黑暗。
2004900	因为虔诚反而陷入绝望，\n最后放弃祷告的人们施展的魔法。\n\n能用生自幽影树的拒绝的刺\n伤害自己，并缠绕全身。\n以翻滚接触敌人时，能给予伤害。\n\n歪扭的幽影树传达出讯息：\n　拒绝一切、伤害一切吧──\n　我们被抛弃了。
2004901	
2004902	
2004903	
2004904	
2004905	
2004906	
2004907	
2004908	
2004909	
2004910	因为虔诚反而陷入绝望，\n最后放弃祷告的人们施展的魔法。\n\n能用生自幽影树的拒绝的刺\n伤害自己，并从地面形成拒绝的刺。\n可以连续施展。\n\n歪扭的幽影树传达出讯息：\n　拒绝一切、伤害一切吧──\n　我们被抛弃了。
2005000	所有死亡的汇集之处──灵墓，\n其守卫施展的魔法。\n\n能形成多个灵魂光环，再一口气释放。\n借由蓄力能提升威力。\n\n光环带有和灵火相同的特性，\n给予魔力属性伤害的同时，也能累积冻伤量表。
2006200	融泥骑士使用的魔法。\n\n能释放多个漩涡状融泥，\n在命中后朝周围产生灵火。\n\n在远古时代，死亡会受灵火洗礼。\n即使是污秽尸肉最后化成的融泥，也不例外。\n在过去，死亡是件平等的事。
2006201	
2006202	
2006203	
2006204	
2006205	
2006206	
2006207	
2006208	
2006209	
2006210	源自石棺融泥的魔法。\n\n能释放大块融泥，\n在命中后朝周围产生灵火。\n借由蓄力能提升威力。\n\n在远古时代，死亡会受灵火洗礼。\n即使是污秽尸肉最后化成的融泥，也不例外。\n在过去，死亡是件平等的事。
2006300	“纯血骑士”安帕赫的祷告。\n\n能在小指根部形成血焰刀刃，\n再一口气拉近距离，撕裂敌人。\n借由蓄力能增加斩击的次数。\n\n与优雅的王朝剑技相比，有着天壤之别，\n可说是置生死于度外的激烈招式。\n为过去的他之所以赫赫有名的缘由。
2006400	在幽影之地发现的黄金树祷告。\n\n朝远方的我方人物释放，\n命中的目标能大幅恢复血量。\n\n　即使远在他方，甚至无法看见形影，\n　相信黄金树仍会赐福我等。
2006650	在黄金河马身上显现的熔炉百相。\n\n能在背部形成尖针状的大量体毛，\n在地面滚动的同时，横扫周围。\n借由蓄力能增加滚动次数，并扩大攻击范围。\n\n在远古时代，此地尚未被幽影隐匿，\n熔炉生命确实有着脉动。\n据说在古遗迹能找到相关的迹象。
2006651	
2006652	
2006653	
2006654	
2006655	
2006656	
2006657	
2006658	
2006659	
2006660	在古遗迹发现的熔炉百相。\n\n能在胸口形成米兰达之花，召唤光芒雨。\n借由蓄力能提升威力。\n\n在远古时代，此地尚未被幽影隐匿，\n熔炉生命确实有着脉动。
2006661	
2006662	
2006663	
2006664	
2006665	
2006666	
2006667	
2006668	
2006669	
2006670	玛莉卡女王藏匿的祷告。\n仅有温柔，没有律法的黄金。\n\n能形成小型黄金树的幻影，\n持续恢复周围我方人物的血量。\n\n玛莉卡用黄金包围了故乡的村落──\n即使祂明白，该疗愈的人们早已不在。
2006671	
2006672	
2006673	
2006674	
2006675	
2006676	
2006677	
2006678	
2006679	
2006680	源自幽影树的化身的祷告。\n\n能形成多个黄金石砾，\n短暂时间后，石砾会朝目标飞去。\n\n能展现幽影树迸发力量的招式。\n也因此，那黄金总有幽影相随。
2006681	
2006682	
2006683	
2006684	
2006685	
2006686	
2006687	
2006688	
2006689	
2006690	在幽影之地发现的黄金树祷告。\n\n能释放弹飞周围人物的黄金冲击波。\n借由蓄力能增加冲击波的幅度。\n\n在艾尔登法环被击碎的当下，\n身在幽影之地的人们也有所感受──\n他们相信那就是黄金树的愤怒。
2006691	
2006692	
2006693	
2006694	
2006695	
2006696	
2006697	
2006698	
2006699	
2006700	作为神祇归来的米凯拉拥有的力量。\n能作为祷告执行。\n\n能用光柱消灭目标。\n\n米凯拉包容众生，也期望怀抱万物。\n然而他明白，只有一个存在会是例外。\n\n不论是拥有绝对力量的神祇，或是祂的王，\n两者都只能存在一位。
2006701	
2006702	
2006703	
2006704	
2006705	
2006706	
2006707	
2006708	
2006709	
2006710	侍奉米凯拉的人们的祷告。\n\n能形成相迭的黄金光环，朝前方释放。\n命中目标时，能给予连续伤害。\n借由蓄力能延长有效时间，并提升威力。\n\n不以黄金律法基本主义为本，\n改以不同体系钻研而成的光环招式。
2006800	人称“熊飨”的祷告。\n能展现大红熊鲁格利亚的力量。\n\n将自身化为大红熊，发出轰然咆哮。\n借由蓄力能提升威力。\n\n比起龙飨，概念更接近角人降神的招式──\n与强大的野生生物赌命缠斗，\n最后才能找到属于自己的神祇。
2006900	王城古龙信仰的其中一种祷告。\n\n能召唤雷电枪，同时形成古龙徽章，\n丢掷雷电枪后，徽章也会释放雷电枪。\n借由蓄力能增加徽章的数量，命中后会附加落雷。\n\n在过去，只有杰出的骑士才能习得的招式。\n在交界地失传的其中一个失落祷告。
2006901	
2006902	
2006903	
2006904	
2006905	
2006906	
2006907	
2006908	
2006909	
2006910	“古龙”芙柔桑克斯的特殊祷告。\n\n能召唤红色雷电，缠绕执行者与周围我方人物。\n缠绕雷电者能提升包含物理的所有减伤率，\n也能提升防御时的减伤率。\n\n然而在过去，女巫不懂得爱，\n因此她不曾执行过此祷告。
2006911	
2006912	
2006913	
2006914	
2006915	
2006916	
2006917	
2006918	
2006919	
2006920	王城古龙信仰的其中一种祷告。\n\n能召唤雷电，让执行者的身体带有雷电。\n在此状态下，朝周围释放数次雷击。\n借由蓄力能提升威力。\n\n为身体缠绕雷电类祷告的起源。\n在交界地失传的其中一个失落祷告。
2007000	龙飨祷告之中，最具代表性的一个。\n能展现“狂龙”贝勒的巨大力量。\n\n能将自身化为狂龙，发出咆哮的同时引爆热风，\n并朝周围喷发剧烈火焰。\n\n狂龙的烫热心脏即使被吞下，也不见衰弱与服从。\n可能是等待时机到来，准备由内而外，\n烧尽执行龙飨者的身体与灵魂。
2007001	
2007002	
2007003	
2007004	
2007005	
2007006	
2007007	
2007008	
2007009	
2007010	龙飨祷告之中，最具代表性的一个。\n能展现“狂龙”贝勒的巨大力量。\n\n能将自身化为狂龙，显现其右手臂的尖骨，\n缠绕焰雷，再直接敲击。\n\n狂龙的烫热心脏即使被吞下，也不见衰弱与服从。\n可能是等待时机到来，准备由内而外，\n烧尽执行龙飨者的身体与灵魂。
2007011	
2007012	
2007013	
2007014	
2007015	
2007016	
2007017	
2007018	
2007019	
2007020	其中一种龙飨祷告。\n\n能将自身化为龙，从空中喷出灵火吐息。\n借由蓄力能延长喷出吐息的时间。\n在跳跃期间也能使用。\n\n灵墓为所有死亡的汇集之处，\n而龙在死亡后，也不例外。\n但其中几只龙因生来的强大之故，\n不会完全地死亡。
2007200	“花蕾圣女”萝蜜娜使用的祷告。\n\n能缓慢旋身，唤来无数蝴蝶。\n蝴蝶触碰后会粉碎，散布腐败，\n随后其他蝴蝶也会接连粉碎。\n\n猩红色蝴蝶作为腐败女神双翼，却没有主人──\n萝蜜娜与那群蝴蝶心意相通，加以安慰。
2007201	
2007202	
2007203	
2007204	
2007205	
2007206	
2007207	
2007208	
2007209	
2007210	腐败眷属──虫群使用的招式。\n能作为祷告执行。\n\n能分泌大量具粘性的丝线，\n分成两束之后，朝前方释放。\n借由蓄力能提升威力。\n\n虫群是被遗弃的眷属──\n因此，它们将花蕾圣女视为母亲。
2007300	赞颂“癫火之王”米德拉而有的祷告。\n\n能召唤形似癫火之王的头部，散布癫火。\n可以走动执行，持续执行会让头部维持现形。\n\n癫火之王能烧熔一切──\n痛苦、绝望、诅咒，所有的罪恶与苦痛。\n然而米德拉也不出前人的范畴；\n作为王，力量太过弱小。
2007410	“大祭司”尤弥尔的指头魔法。\n其中一个受隐匿的奥秘。\n\n能在目标脚边形成神似小宇宙的物体。\n那物体在发出一次震波后，会爆炸消失。\n借由蓄力能提升威力。\n\n那因为毁坏而被抛弃的，即使明白处境，\n却还是继续追求神似小宇宙的虚幻物体──\n这种事情，多么令人感伤。
2007411	
2007412	
2007413	
2007414	
2007415	
2007416	
2007417	
2007418	
2007419	
2007420	自愿成为指头之母的“大祭司”尤弥尔\n所施展的指头魔法。\n\n能形成包围施展者的数根粗厚指头，\n拨开魔法、祷告，或是箭等等的远攻道具。\n借由蓄力能提升效用。\n\n那些指头是意图保护母亲的孩子──\n也或者，是母亲心里如此期盼。
2007600	角人老妪托付的意念。\n\n能在自身头上召唤守护灵。\n守护灵会紧紧跟随执行者，\n释放多次怨魂之后会消失。\n\n　那群背叛我等，放火的玛莉卡之子──\n　梅瑟莫还有他的那群爪牙……\n　求求您，对他们降下报应。
2007700	塔的拷问官们施展的魔法。\n能作为螺旋祷告执行。\n\n能挥动手臂，连续释放黄金弯弧。\n借由蓄力能提升威力。\n\n弯弧是模仿拷问的象征──倒刺而来。
2007701	
2007702	
2007703	
2007704	
2007705	
2007706	
2007707	
2007708	
2007709	
2007710	塔的拷问官们施展的魔法。\n能作为螺旋祷告执行。\n\n能挥动手臂，释放黄金大弯弧。\n借由蓄力能提升威力。\n\n弯弧是模仿拷问的象征──倒刺而来。
2007711	
2007712	
2007713	
2007714	
2007715	
2007716	
2007717	
2007718	
2007719	
2007720	塔的祭司们施展的高阶魔法。\n能作为螺旋祷告执行。\n\n双手交叉紧握后，高举指向天空，\n能在目标脚边形成螺旋状光柱。\n持续执行会接连形成光柱。\n\n所谓的螺旋，指的是疏导后的熔炉，\n也是终有一天，能连通神祇的支柱。
2007721	
2007722	
2007723	
2007724	
2007725	
2007726	
2007727	
2007728	
2007729	
2007730	神兽舞狮的愤怒风暴。\n能作为祷告执行。\n\n能大幅度旋转自己的身体，\n再唤起风暴，朝前方释放龙卷风。\n借由蓄力能提升威力。\n\n据说大多数的神兽都被刺在矛上示众，\n再受梅瑟莫之火洗礼──\n那副景象，仿佛是为了悼念塔而有的送灵火。
2007731	
2007732	
2007733	
2007734	
2007735	
2007736	
2007737	
2007738	
2007739	
2007740	角战士的始祖──神鸟战士的招式。\n能作为祷告执行。\n\n能将双手如展翼般打开，释放无数羽毛。\n可以走动执行，持续执行会继续释放羽毛。\n\n据说神鸟战士本身，以及此招式的模样，\n两者都与黄金熔炉十分相似。
2007800	直属“穿刺者”梅瑟莫的\n火焰骑士们的祷告。\n\n能释放形如蛇的蜿蜒火焰。\n借由蓄力能提升威力。\n\n骑士们受赐梅瑟莫之火，\n然而却无法驾驭火焰，化为自身的力量，\n只能以火焰祷告的型态留在身边。
2007801	
2007802	
2007803	
2007804	
2007805	
2007806	
2007807	
2007808	
2007809	
2007810	火焰骑士之中的贤者，萨赞的祷告。\n\n能召唤浮空的燃烧云朵，\n在目标头上降下火焰雨。\n借由蓄力能提升威力。\n\n萨赞厌恶野蛮之举，但论及放火的次数，\n他烧毁的村落与土地，数量最多。
2007811	
2007812	
2007813	
2007814	
2007815	
2007816	
2007817	
2007818	
2007819	
2007820	“穿刺者”梅瑟莫的祷告。\n\n在空中形成梅瑟莫之火聚集成的巨大火球，\n朝目标快速飞去，将对方压制地面，\n再瞬间引爆火球。\n借由蓄力能提升威力。\n\n梅瑟莫痛恨自身的火焰──\n他曾多次尝试捻熄、扑灭火焰。
2008000	米凯拉舍弃的大卢恩。\n\n完全毁坏，无法让恩惠的力量回归，\n只剩下能抵抗魅惑的力量。\n\n米凯拉朝着受幽影藏匿的塔前进。\n他舍弃了与黄金相连的身体、力量，\n还有命运──舍弃了一切。\n\n他跨越了开端至今的因果，\n为的是成为怀抱万物的全新神祇。
2008001	
2008002	
2008003	蒙受毁坏的龙战士，埃贡的勾指。\n关节隆起，指头内侧硬化变色。\n\n对上“狂龙”贝勒的时候，\n能从召唤记号召唤“龙战士”埃贡。\n\n　我的灵魂还在那座尖刺山上。
2008004	受侵蚀的粗制钥匙。\n\n能打开“塔之镇”贝瑞特井底的铁栅栏。
2008005	结冻的铁制钥匙。\n\n能打开喟叹监牢上层的铁栅栏。
2008006	结冻的铁制钥匙。\n\n能打开喟叹监牢下层的铁栅栏。
2008007	角人制作的简易地图。\n标示着黄金十字记号的所在地。\n\n十字记号是米凯拉留下的足迹。
2008008	表面有数个孔洞，\n外型细长的淡蓝色石质项链。\n\n能够吹响位在神秘遗迹内的吊钟。\n\n尤弥尔声称：\n　吹响那口吊钟之后，\n　那人的命运就会受璀璨星星的牵引。
2008009	
2008010	
2008011	拥有两个心房的“狂龙”贝勒的心脏。\n表面布满数个如角一般的碎石，仍鲜红地鼓动。\n\n在龙飨大祭坛上吞下此物，\n能将贝勒的力量化为己有。\n\n龙飨女巫声称：\n　那堪称至高无上的龙飨。
2008012	角人制作的简易地图，其中的更新版本。\n标示着新找到的黄金十字记号的所在地。\n\n十字记号是米凯拉留下的足迹，\n也是他舍弃的事物所形成的墓碑。
2008013	缀以螺旋图案雕刻的钥匙。\n\n能打开在“塔之镇”贝瑞特，\n位于二楼的仓库的门。
2008014	白色树皮制成的卷轴。\n\n据说在受幽影藏匿的塔中，有一道神之门──\n内容记载着关于神之门的秘密仪式，\n但只能解读极少部分的内容：\n\n　神祇归来，需要王的牵引；\n　王的灵魂，需要依附的容器。
2008015	老兵安帕赫写给“红狮子”弗蕾亚的信。\n\n里头似乎写着答案，能解开她的问题。\n信纸已经折好，无法阅读其中的内容。
2008016	老旧的简易古地图。\n“大祭司”尤弥尔给予的物品。\n\n上头标示着神秘遗迹的所在地。\n\n　……我只是想成为他人的助力。
2008017	老旧的简易古地图。\n“大祭司”尤弥尔给予的物品。\n\n上头标示着不同于前一张，\n另一座神秘遗迹的所在地。\n\n　愿璀璨星星牵引你前行。
2008018	老旧的简易古地图。\n“大祭司”尤弥尔最后给予的物品。\n\n上头标示着不同于前两张，\n再另一座神秘遗迹的所在地。\n\n　愿你成为璀璨星星。
2008019	装在素烧陶壶内的黑色浓浆。\n\n受穆尔委托，希望交给休里耶的物品。\n\n不知来历的液体。\n好像是透过集物虫们收集、熟成制作而来。
2008020	
2008021	于“穿刺者”梅瑟莫体内燃烧的火种。\n模样黯然，受恶之蛇侵蚀。\n\n能燃烧位于劳弗古遗迹的封印之树。\n\n梅瑟莫与他的妹妹，都能看见火焰虚像。
2008022	
2008023	钥匙柄雕制徽章图案的铁制钥匙。\n\n能打开幽影城的西边城墙，\n大门旁的那道木门。
2008024	
2008025	燃炉工匠留下的笔记。\n内容写着操作时须注意的事项。\n\n　当魔像的燃炉有火的时候，\n　切记，不要混入壶的火焰。\n\n　尤其严禁混入漩涡状的火焰。
2008026	
2008027	“金针骑士”蕾妲留下的信。\n写给追寻米凯拉的同伴们。\n\n　米凯拉大人的目的地，\n　肯定是受幽影封印的塔之中，\n　那一道神之门。\n\n　我们要燃烧封印之树，\n　才有办法抵达那个地方。\n\n　而燃烧树，必须要有火。
2008028	“落叶”丹恩留下的信。\n写给追寻米凯拉的同伴们。\n\n　找到封印之树了，就在前头。\n\n　但只有梅瑟莫先生的火种，\n　才能烧了它。
2008029	写着扼要的内容，\n并附有双手击拳修士插画的信。\n\n　如果你在寻找格斗的对手，\n　到东方找我。\n\n　彼此期望的是互相切磋，毋须多言。
2008030	老兵安帕赫留下的信。\n写给追寻米凯拉的同伴们。\n\n　能通往幽影树的教区，\n　好像被城里的人放水淹没了。\n\n　不过，从这座保藏库没有办法走到教区。\n　可能在这座城的某处，还有其他入口？
2008031	集物虫们捡到的文件。\n内容写着扼要的情报：\n\n　当你发现受封印的灵魂气流，\n　去附近找一找堆迭的石堆。\n　只要弄倒它，就能解开封印。
2008032	被撕下、丢弃的日记书页，\n上头有着颤抖的笔迹。\n\n　我有触碰到他，就一次。\n　他的手杖刺到我面前，那时候我挥开它。\n\n　就这样，我触碰到禁触老翁了。
2008033	从灵墓生成，非常罕见的虚幻生命。\n介于生物与灵魂之间的物品。\n\n能用在“满月女王”蕾娜菈拥抱的琥珀卵，\n驱使其中蕴藏的“重新诞生”力量的材料。\n\n重新诞生之后，能重置升级时所提升的能力值。
2008034	“金针骑士”蕾妲留下的信。\n写给追寻米凯拉的同伴们。\n\n　丹恩要我转达：\n　封印之树在劳弗古遗迹。\n　从保藏库的一楼出去，走高架桥就能抵达。\n\n　我完成该做的事情后，也会出发。
2008035	
2008036	钥匙柄雕制徽章图案的铁制钥匙。\n\n能打开幽影城教区内的教堂，\n其中祈祷厅的门。
2008037	“金针骑士”蕾妲留下的信。\n写给追寻米凯拉的同伴们。\n\n　前面那座受幽影封印的塔里，\n　有一道神之门──\n　米凯拉大人的目的地，肯定是那里。\n\n　我们并非神人，所以要另寻他法前往。\n\n　我预定沿着十字记号，朝东方前进。
2008131	集物虫们捡到的文件。\n内容写着关于受封印的灵魂气流的情报。\n\n购买之后，才能确认情报内容。
2008200	流浪画家的其中一幅作品。\n以《侵略》为题的绘画记忆。\n\n据说该名画家会画下那些消逝的人物，\n以及最后一刻的景象。\n\n到画中的地点应该能找到画家的灵魂，\n还有那最后一刻所留下的遗物。
2008201	流浪画家的其中一幅作品。\n以《神之塔》为题的绘画记忆。\n\n据说该名画家会画下那些消逝的人物，\n以及最后一刻的景象。\n\n到画中的地点应该能找到画家的灵魂，\n还有那最后一刻所留下的遗物。
2008202	流浪画家的其中一幅作品。\n以《龙之境界》为题的绘画记忆。\n\n据说该名画家会画下那些消逝的人物，\n以及最后一刻的景象。\n\n到画中的地点应该能找到画家的灵魂，\n还有那最后一刻所留下的遗物。
2008600	墓地平原的地图碎片。\n\n灵墓散布，气氛抑郁的平原。\n角人的螺旋塔矗立于西北方。\n悲惨战祸的痕迹，遍布全区。
2008601	幽影亚坛的地图碎片。\n\n位于东北方，仰望幽影树的高地。\n梅瑟莫军以幽影城为中心，驻军于此。\n名称为效仿黄金树大地之名而来。
2008602	位于墓地平原以南，海岸的地图碎片。\n\n散发蓝色微光的花朵，满地盛开的梦幻海岸。\n巨大石棺层层堆迭于此，不知从何处漂流而来。\n尖刺山位于东边，高耸入云。
2008603	劳弗古遗迹的地图碎片。\n\n受清水与绿意入侵的巨大古遗迹。\n由于地面崩裂，将此地一分为二。\n花蕾教堂位于西南方，遥望幽影塔。
2008604	位于墓地平原以东，谷底的地图碎片。\n\n在阳光无法穿透的溪谷底层，有一座茂密的森林。\n该地以贤者米德拉的隐居地闻名，\n但在角人之间，却是个禁忌地区。
2008900	残留在穆尔尸体上的铃珠。\n\n献给圆桌厅堂的孪生老妪，\n能够增加交易项目。
2008901	残留在“指头之母”尤弥尔\n尸体上的铃珠。\n\n献给圆桌厅堂的孪生老妪，\n能够增加交易项目。
2008902	惨遭战祸牵连的\n角人药草贩子的遗物。\n\n献给圆桌厅堂的孪生老妪，\n能增加下列交易项目：\n\n·拉答果实
2008903	惨遭战祸牵连的\n角人蘑菇贩子的遗物。\n\n献给圆桌厅堂的孪生老妪，\n能增加下列交易项目：\n\n·蘑菇\n·红肉蘑菇
2008904	惨遭战祸牵连的\n角人蘑菇贩子的遗物。\n\n献给圆桌厅堂的孪生老妪，\n能增加下列交易项目：\n\n·毒霉蘑菇\n·白肉蘑菇
2008905	惨遭战祸牵连的\n角人树脂贩子的遗物。\n\n献给圆桌厅堂的孪生老妪，\n能增加下列交易项目：\n\n·根脂\n·瘤脂
2008906	惨遭战祸牵连的\n角人霉菌贩子的遗物。\n\n献给圆桌厅堂的孪生老妪，\n能增加下列交易项目：\n\n·苍蝇霉
2008907	“龙战士”埃贡留下的铃珠。\n\n献给圆桌厅堂的孪生老妪，\n能增加下列交易项目：\n\n·埃贡的鱼叉
2008908	魔法技师拉巴斯留下的铃珠。\n\n献给圆桌厅堂的孪生老妪，\n能增加下列交易项目：\n\n·拉巴斯大弩箭
2008909	惨遭战祸牵连的\n角人绳索贩子的遗物。\n\n献给圆桌厅堂的孪生老妪，\n能增加下列交易项目：\n\n·绳索
2009000	
2009001	
2009002	
2009003	
2009004	
2009160	在幽影之地各处，能获得幽影树碎片。\n于赐福消耗后，能加强“幽影树庇佑”。\n\n接受“幽影树庇佑”\n能强化自身的攻击力与减伤率，\n但有效范围仅限于幽影之地。
2009161	在幽影之地各处，能获得灵灰。\n于赐福消耗后，能加强“灵灰庇佑”。\n\n接受“灵灰庇佑”\n能强化受召唤灵魂与灵马的攻击力与减伤率，\n但有效范围仅限于幽影之地。
2009162	从系统选单的显示配置，\n能够详细配置下列新功能：\n\n·初次获得的道具，能以<?newItemIcon?>标示。\n·最近获得的道具，能从专用的标签进行确认。
2009301	非人的集物虫们写下的制作笔记。\n为了帮助穆尔与他的同伴，出于善意而有的物品。\n\n能制作下列道具：\n\n·腌制老龟颈肉
2009302	非人的集物虫们写下的制作笔记。\n为了帮助穆尔与他的同伴，出于善意而有的物品。\n\n能制作下列道具：\n\n·抗魔腌制肝
2009303	非人的集物虫们写下的制作笔记。\n为了帮助穆尔与他的同伴，出于善意而有的物品。\n\n能制作下列道具：\n\n·抗火腌制肝
2009304	非人的集物虫们写下的制作笔记。\n为了帮助穆尔与他的同伴，出于善意而有的物品。\n\n能制作下列道具：\n\n·抗雷腌制肝
2009305	非人的集物虫们写下的制作笔记。\n为了帮助穆尔与他的同伴，出于善意而有的物品。\n\n能制作下列道具：\n\n·抗圣腌制肝
2009306	非人的集物虫们写下的制作笔记。\n为了帮助穆尔与他的同伴，出于善意而有的物品。\n\n能制作下列道具：\n\n·珍珠腌制肝
2009307	挑战凶恶龙贝勒，却因此蒙受毁坏，\n心也被恐惧侵蚀的战士所写下的制作笔记。\n内容记载着以人身屠龙的技术。\n\n能制作下列道具：\n\n·龙飨肉块
2009308	研究指头遗迹的人所写下的制作笔记。\n在过度接近奥秘，精神陷入半失常的状态下，\n勉强写下的内容。\n\n能制作下列道具：\n\n·指纹秘药
2009309	流浪各处的大维壶师所写下的制作笔记。\n他对故乡波尼村的残忍生计感到厌恶，\n转而将各种材料放进大壶内。\n\n能制作下列道具：\n\n·大火焰壶
2009310	流浪各处的大维壶师所写下的制作笔记。\n他对故乡波尼村的残忍生计感到厌恶，\n转而将各种材料放进大壶内。\n\n能制作下列道具：\n\n·大魔力壶
2009311	流浪各处的大维壶师所写下的制作笔记。\n他对故乡波尼村的残忍生计感到厌恶，\n转而将各种材料放进大壶内。\n\n能制作下列道具：\n\n·大雷电壶
2009312	流浪各处的大维壶师所写下的制作笔记。\n他对故乡波尼村的残忍生计感到厌恶，\n转而将各种材料放进大壶内。\n\n能制作下列道具：\n\n·大岩石壶
2009313	流浪各处的大维壶师所写下的制作笔记。\n他对故乡波尼村的残忍生计感到厌恶，\n转而将各种材料放进大壶内。\n\n能制作下列道具：\n\n·大毒壶
2009314	流浪各处的大维壶师所写下的制作笔记。\n他对故乡波尼村的残忍生计感到厌恶，\n转而将各种材料放进大壶内。\n\n能制作下列道具：\n\n·大腐败壶
2009315	流浪各处的大维壶师所写下的制作笔记。\n他对故乡波尼村的残忍生计感到厌恶，\n转而将各种材料放进大壶内。\n\n能制作下列道具：\n\n·大苍蝇壶
2009316	流浪各处的大维壶师所写下的制作笔记。\n他对故乡波尼村的残忍生计感到厌恶，\n转而将各种材料放进大壶内。\n\n能制作下列道具：\n\n·大结冰壶
2009317	侍奉府邸之主米德拉与其妻子娜娜亚，\n双眼受癫火烧熔的工匠所写下的制作笔记。\n\n能制作下列道具：\n\n·大癫火壶
2009318	流浪各处的大维壶师所写下的制作笔记。\n他对故乡波尼村的残忍生计感到厌恶，\n转而将各种材料放进大壶内。\n\n能制作下列道具：\n\n·大粪便壶
2009319	流浪各处的大维壶师所写下的制作笔记。\n他对故乡波尼村的残忍生计感到厌恶，\n转而将各种材料放进大壶内。\n\n能制作下列道具：\n\n·大油壶
2009320	流浪各处的大维壶师所写下的制作笔记。\n他对故乡波尼村的残忍生计感到厌恶，\n转而将各种材料放进大壶内。\n\n能制作下列道具：\n\n·大火山壶
2009321	流浪各处的大维壶师所写下的制作笔记。\n他对故乡波尼村的残忍生计感到厌恶，\n转而将各种材料放进大壶内。\n\n能制作下列道具：\n\n·大怨魂壶
2009322	流浪各处的大维壶师所写下的制作笔记。\n他对故乡波尼村的残忍生计感到厌恶，\n转而将各种材料放进大壶内。\n\n能制作下列道具：\n\n·大红雷壶
2009323	流浪各处的大维壶师所写下的制作笔记。\n他对故乡波尼村的残忍生计感到厌恶，\n转而将各种材料放进大壶内。\n\n能制作下列道具：\n\n·大燃炉壶
2009324	追在葛德文的黄金骑士之后，\n抵达幽影之地的古龙骑士写下的制作笔记。\n\n能制作下列道具：\n\n·红雷壶
2009325	侍奉府邸之主米德拉与其妻子娜娜亚，\n双眼受癫火烧熔的工匠所写下的制作笔记。\n\n能制作下列道具：\n\n·癫火壶\n·附绳癫火壶
2009326	追寻酣眠圣女的信徒写下的制作笔记。\n然而那温柔的酣眠已经熟成转暗。\n\n能制作下列道具：\n\n·永眠壶
2009327	侍奉“穿刺者”梅瑟莫的火焰骑士\n所写下的制作笔记。为了参与圣战的士兵而写，\n内容记载着与火相关的技术。\n\n能制作下列道具：\n\n·梅瑟莫火油脂\n·附绳梅瑟莫火油脂
2009328	追在葛德文的黄金骑士之后，\n抵达幽影之地的古龙骑士写下的制作笔记。\n\n能制作下列道具：\n\n·龙雷油脂\n·附绳龙雷油脂
2009329	卡利亚王室的骑士实习生写下的制作笔记。\n内容记载着古老魔法骑士的技术。\n\n能制作下列道具：\n\n·王室魔力油脂\n·附绳王室魔力油脂
2009330	身处不见黄金树的幽影之地，\n依旧坚守信仰，持续传教──\n虔诚的战场神父写下的制作笔记。\n\n能制作下列道具：\n\n·黄金油脂\n·附绳黄金油脂
2009331	挑战凶恶龙贝勒，却因此蒙受毁坏，\n心也被恐惧侵蚀的战士所写下的制作笔记。\n内容记载着以人身屠龙的技术。\n\n能制作下列道具：\n\n·龙飨油脂\n·龙飨鱼叉
2009332	身处不见黄金树的幽影之地，\n依旧坚守信仰，持续传教──\n虔诚的战场神父写下的制作笔记。\n\n能制作下列道具：\n\n·庆典油脂
2009333	非人的集物虫写下的制作笔记。\n特别送给不知名的恩人，表示善意的物品。\n\n能制作下列道具：\n\n·灵力果干\n·惑众树枝
2009334	追寻酣眠圣女的信徒写下的制作笔记。\n然而那温柔的酣眠已经熟成转暗。\n\n能制作下列道具：\n\n·半梦树枝
2009335	位于幽影之地的墓地，\n其中的守墓者们写下的制作笔记。\n\n能制作下列道具：\n\n·人声石
2009336	调查劳弗古遗迹的角人学者们写下的制作笔记。\n内容记载着失落的精灵技术。\n\n能制作下列道具：\n\n·精灵石
2009337	最古老的守墓者──\n唤声船们写下的制作笔记。\n内容记载着呼唤死亡的古老作法。\n\n能制作下列道具：\n\n·提比亚的唤声
2009338	侍奉府邸之主米德拉与其妻子娜娜亚，\n双眼受癫火烧熔的工匠所写下的制作笔记。\n\n能制作下列道具：\n\n·迸发癫火
2009339	身处不见黄金树的幽影之地，\n依旧坚守信仰，持续传教──\n虔诚的战场神父写下的制作笔记。\n\n能制作下列道具：\n\n·黄金树立誓
2009340	侍奉“穿刺者”梅瑟莫的火焰骑士\n所写下的制作笔记。为了参与圣战的士兵而写，\n内容记载着与火相关的技术。\n\n能制作下列道具：\n\n·蜷曲火焰
2009341	调查劳弗古遗迹的角人学者们写下的制作笔记。\n内容记载着失落的精灵技术。\n\n能制作下列道具：\n\n·火精灵石
2009342	研究指头遗迹的人所写下的制作笔记。\n在过度接近奥秘，精神陷入半失常的状态下，\n勉强写下的内容。\n\n能制作下列道具：\n\n·光辉指爪
2009343	身处不见黄金树的幽影之地，\n依旧坚守信仰，持续传教──\n虔诚的战场神父写下的制作笔记。\n\n能制作下列道具：\n\n·暖阳石
2009344	位于幽影之地的墓地，\n其中的守墓者们写下的制作笔记。\n\n能制作下列道具：\n\n·兽骨诱惑箭\n·兽骨诱惑箭（附箭羽）\n·兽骨诱惑弩箭
2009345	追寻酣眠圣女的信徒写下的制作笔记。\n然而那温柔的酣眠已经熟成转暗。\n\n能制作下列道具：\n\n·永眠油脂\n·附绳永眠油脂
2009500	即使坏掉也会复原的大空壶。\n制作大龟裂壶类道具所需的容器。\n\n大壶内可以封入各种材料与法术，\n投出后能发挥效用。\n\n据说波尼村的大维壶师们会制作此物，\n放置在冰冷的监牢内。
2010000	含有黄金光辉的幽影树碎片。\n能在幽影之地的玛莉卡教堂等地取得。\n\n于赐福消耗后，能加强“幽影树庇佑”。\n接受“幽影树庇佑”\n能强化自身的攻击力与减伤率，\n但有效范围仅限于幽影之地。\n\n据说是幽影树从内部崩毁的时候，\n飞散至幽影之地全境的物品。\n黄金树之民会收集此物，用于祈祷。
2010100	附有强大灵性力量的先人骨灰。\n能在幽影之地各处的城镇或村落，\n受祭祀的角人尸体等处取得。\n\n于赐福消耗后，能加强“灵灰庇佑”。\n接受“灵灰庇佑”能强化受召唤灵魂\n与灵马的攻击力与减伤率，\n但有效范围仅限于幽影之地。\n\n那些枯槁的尸体被称作土地神，\n据说祂们的掌心会悄悄生成灵灰。
2011000	幽影树的树液飞散后，\n在燃炉魔像的底部汇流聚集，\n历时悠久形成的结晶露滴。\n\n加入“灵药圣杯瓶”调配后，\n一定时间内，所有精力的消耗都归零。\n\n短暂时间后，效果会消失。
2011001	
2011002	
2011003	
2011004	
2011005	
2011006	
2011007	
2011008	
2011009	
2011010	幽影树的树液飞散后，\n在燃炉魔像的底部汇流聚集，\n历时悠久形成的结晶露滴。\n\n加入“灵药圣杯瓶”调配后，\n一定时间内，能缓慢恢复周围我方人物的血量。\n\n对自身没有恢复效果。
2011011	
2011012	
2011013	
2011014	
2011015	
2011016	
2011017	
2011018	
2011019	
2011020	幽影树的树液飞散后，\n在燃炉魔像的底部汇流聚集，\n历时悠久形成的结晶露滴。\n\n加入“灵药圣杯瓶”调配后，\n一定时间内，能透过攻击恢复血量。
2011021	
2011022	
2011023	
2011024	
2011025	
2011026	
2011027	
2011028	
2011029	
2011030	幽影树的树液飞散后，\n在燃炉魔像的底部汇流聚集，\n历时悠久形成的结晶露滴。\n\n加入“灵药圣杯瓶”调配后，\n一定时间内，能透过攻击恢复专注值。
2011031	
2011032	
2011033	
2011034	
2011035	
2011036	
2011037	
2011038	
2011039	
2011040	幽影树的树液飞散后，\n在燃炉魔像的底部汇流聚集，\n历时悠久形成的结晶露滴。\n\n加入“灵药圣杯瓶”调配后，\n一定时间内，能喷散油汗，\n让周围敌人浑身油污。\n\n当敌人浑身油污时，\n能提升给予对方的火属性伤害。
2011041	
2011042	
2011043	
2011044	
2011045	
2011046	
2011047	
2011048	
2011049	
2011050	幽影树的树液飞散后，\n在燃炉魔像的底部汇流聚集，\n历时悠久形成的结晶露滴。\n\n加入“灵药圣杯瓶”调配后，\n一定时间内，能提升攻击力，\n但持续减少血量。
2011051	
2011052	
2011053	
2011054	
2011055	
2011056	
2011057	
2011058	
2011059	
2011060	幽影树的树液飞散后，\n在燃炉魔像的底部汇流聚集，\n历时悠久形成的结晶露滴。\n\n加入“灵药圣杯瓶”调配后，\n一定时间内，能提升灵魂的攻击力。
2011061	
2011062	
2011063	
2011064	
2011065	
2011066	
2011067	
2011068	
2011069	
2011070	幽影树的树液飞散后，\n在燃炉魔像的底部汇流聚集，\n历时悠久形成的结晶露滴。\n\n加入“灵药圣杯瓶”调配后，\n一定时间内，能强化瞬间防御的能力。\n\n仅限摆出防御架式的瞬间，\n能提升减伤率与防御强度。\n在上述情况成功防御时，能强化防御反击。
2015000	带有灵性力量的角。\n用于制作道具的其中一项材料。\n\n于幽影之地，有机会在有角的野兽身上获得。\n\n栖息幽影之地的野兽深受熔炉的影响。\n不论哪一种，都能看见带有角的个体。
2015001	
2015002	
2015003	
2015004	
2015005	
2015006	
2015007	
2015008	
2015009	
2015010	非常罕见，带有灵性力量的结石。\n用于制作道具的其中一项材料。\n\n于劳弗古遗迹，有机会在有角的野兽身上获得。\n\n带有独特、强烈的刺激性气味，\n据说灵性的层级较高。
2015011	
2015012	
2015013	
2015014	
2015015	
2015016	
2015017	
2015018	
2015019	
2015020	闪耀珍珠色光芒的透亮硬薄片。\n用于制作道具的其中一项材料。\n\n打倒八目鳗之后，有机会获得。\n\n此为退化后的鳞片，\n位于八目鳗的皮肤底下。
2015021	
2015022	
2015023	
2015024	
2015025	
2015026	
2015027	
2015028	
2015029	
2015030	蜘蛛蝎的新鲜内脏。\n虽然称作肝，实际上是哪一种器官，不得而知。\n用于制作道具的其中一项材料。\n\n打倒蜘蛛蝎之后，有机会获得。\n\n具有麻痹毒性的稀有美食。
2015031	
2015032	
2015033	
2015034	
2015035	
2015036	
2015037	
2015038	
2015039	
2015040	飘散出甜腻、难闻尸臭的一种真菌。\n用于制作道具的其中一项材料。\n\n打倒人形苍蝇之后，有机会获得。\n\n利用人形苍蝇的身体作为温床，繁殖而成。\n会放进壶内，作为内容物使用。
2020001	生长在灵墓草上的小果实。\n用于制作道具的其中一项材料。\n\n能在幽影之地各处轻易取得。\n味道极苦，不适合人类食用。
2020002	生长在抑郁土地的红色蘑菇。\n用于制作道具的其中一项材料。\n\n能在幽影之地各处轻易取得。\n\n触感类似生肉，会放进壶内，\n作为内容物使用。
2020003	生长在抑郁土地的乳白色蘑菇。\n用于制作道具的其中一项材料。\n\n能在幽影之地各处轻易取得。\n\n触感类似生肉，会放进壶内，\n作为内容物使用。
2020004	生长在树根的瘤状天然树脂，\n用于制作道具的其中一项材料。\n\n能在幽影之地各处的树根旁取得。\n\n具有原始的触媒性质，\n适合用在与魔法、祷告等等相关的加工。
2020005	饱含黑夜露水的多肉植物。\n用于制作道具的其中一项材料。\n\n在晚上会发光，主要生长在水边。\n\n据说是很久以前，精灵疗法使用的物品。
2020006	有着一双碳化黑翅膀的火焰蝴蝶。\n用于制作道具的其中一项材料。\n\n会在被梅瑟莫之火焚烧过、\n历经战祸的土地飞舞。\n\n此种蝴蝶身上\n带有细微又黯然的绳状火焰。
2020007	品种改良过的辉石萤火虫。\n用于制作道具的其中一项材料。\n\n主要能在玛努斯·美特周围取得。\n\n发光部位的辉石变得巨大不规则，\n此种萤火虫的寿命非常短暂。
2020008	缠绕雷电的黄色花朵。\n用于制作道具的其中一项材料。\n\n会生长在幽影之地的地下墓地，\n或有落雷的土地。\n\n花上缠绕着黄色的雷电。
2020009	面向幽影树绽放的大株花朵。\n用于制作道具的其中一项材料。\n\n能在幽影树附近取得。\n\n带有黑暗幽影，缠绕拒绝的刺，\n并蕴藏着强烈的神圣性──\n那模样，犹如幽影树的缩影。
2020010	富含毒液的大型苔藓虫。\n用于制作道具的其中一项材料。\n\n能在毒沼泽发现。\n\n全身浑圆，犹如可爱的婴儿。
2020011	陷入腐败，不会绽放的大株花蕾。\n用于制作道具的其中一项材料。\n\n会生长在猩红腐败的土地。\n\n以前在劳弗古遗迹的边缘地带，\n据说有一座小教堂。\n当时花蕾尚未腐败，是该教堂的象征。
2020012	具有厚实花瓣的鲜血花朵。\n用于制作道具的其中一项材料。\n\n血怪们会种植在血水滩。\n\n即使是血怪，也拥有品味鲜血之美的心。
2020013	结冻之后，依然蠕动的蛆虫。\n用于制作道具的其中一项材料。\n\n主要能在监牢取得。\n\n蛆虫从大壶内涌出，\n成为囚犯们的珍贵食材。
2020014	姿态曼妙，即将枯萎的深紫色睡莲。\n用于制作道具的其中一项材料。\n\n会生长在海岸的蓝色花田里。\n\n那花蜜犹如浓烈的毒，\n带来甜美的深沉酣眠。
2020015	盈满暗紫蜜血的嫩芽。\n用于制作道具的其中一项材料。\n\n非常罕见的物品。\n\n托莉娜被舍弃之后，形成了蜜血血水滩。\n据说此物从血水滩冒芽而出。
2020016	抓着癫火葡萄的有翅虫。\n用于制作道具的其中一项材料。\n\n会在谷底森林里缓慢飞舞。\n\n被视为禁触老翁出现的预兆。\n智者看见此物，就不会深入该地。
2020017	由内膨胀变大的癫火眼球。\n用于制作道具的其中一项材料。\n\n非常罕见的物品。\n\n上头有着指痕的烫伤痕迹，\n为直接承受叁指拥抱的证明。
2020018	古老守墓者的头盖骨。\n用于制作道具的其中一项材料。\n\n主要能在卡罗隐藏墓地取得。\n\n古老守墓者是掌舵手，\n即使早已凋零，也会呼唤死者。
2020019	大型肉食野兽的排泄物，和着硬角残骸的粪便。\n用于制作道具的其中一项材料。\n\n能在野兽栖息的森林等等的地上发现。\n\n最具威胁性、带有角的肉食野兽，\n据说因为偏好，只会捕食同样有角的个体。
2020020	含有高温气体的方形石。\n用于制作道具的其中一项材料。\n\n能在锻造遗迹取得。\n\n可能是过去为了锻造而制作的燃料。
2020021	生长在墓地的灵火花。\n用于制作道具的其中一项材料。\n\n会生长在卡罗隐藏墓地。\n\n与墓地紫花同为墓地之花。\n会无声燃烧的半无形花朵。
2020022	有着细微鸣叫声的铃虫。\n用于制作道具的其中一项材料。\n\n主要会在石棺附近发现。\n\n据说那阵阵虫鸣是无法安息的死者\n所发出的声响，以及呼唤声。
2020023	流着烫热血液的异形花。\n用于制作道具的其中一项材料。\n\n非常罕见的物品。\n\n据说执行过无数次龙飨的战士，\n那尸体的心脏会绽放此花，但仅有一朵。
2020024	形似老者指头的淡粉色蘑菇。\n用于制作道具的其中一项材料。\n\n非常罕见的物品。\n\n意图成为指头的人们使用的迷幻药。\n据说是无法诞生成双指的失败品。
2020025	盈满神人血液的嫩芽。\n用于制作道具的其中一项材料。\n\n非常罕见的物品。\n\n神人米凯拉的伤口淌血，形成了黄金血水滩。\n据说此物从血水滩冒芽而出。
2020026	从石棺渗漏而出的蓝黑色融泥，\n其中浓稠凝固的物品。\n用于制作道具的其中一项材料。\n\n能在石棺漂往的终点，那里的地底取得。\n\n据说安放在石棺内的污秽生命，\n最后化成的模样，就是融泥。
2020027	透过水流磨成圆形的岩石。\n用于制作道具的其中一项材料，\n也能直接丢出。\n\n能在河边等等的地方发现。\n\n岩石布满裂痕，相当易碎。
2020028	即将化为灵魂的墓碑碎片。\n用于制作道具的其中一项材料。\n\n主要能在墓地平原取得。\n\n自古以来，在死亡汇集的地方，\n灵魂会从古老墓碑形成，随后消失。
2020029	缀以雕刻的椭圆形石头。\n用于制作道具的其中一项材料。\n\n在劳弗古遗迹发现的遗物。\n\n石头的中心有小型巢穴，\n能让精灵栖宿其中，化为诅咒器具。
2020030	形如蛇的绳状余火。\n用于制作道具的其中一项材料。\n\n主要能在幽影亚坛取得。\n\n为圣战的象征──\n梅瑟莫之火所留下的残渣。\n会以爬行地面般的模样，持续熏烧。
2020031	闪耀着黄金光辉的遗骨碎片。\n用于制作道具的其中一项材料。\n\n非常罕见的物品。\n\n在幽影之地倒下的战士们化作骨堆，\n接着幽影树的黄金覆盖在遗骨的碎片上，\n随之形成的物品。\n据说是其中一种最为荣誉的死亡。
2020032	缠绕红色雷电的花朵。\n用于制作道具的其中一项材料。\n\n能在位于南方海岸的尖刺山取得。\n\n据说会生长在古龙的红雷落雷地点。
2020033	依稀带有指纹纹路的石质薄片。\n用于制作道具的其中一项材料。\n\n能在指头遗迹取得。\n\n在指头遗迹，柱状的石指头遍布，\n此为石指头前端剥落的物品。
2020034	特别尖锐的碎石。\n用于制作道具的其中一项材料。\n\n能在位于南方海岸的尖刺山取得。\n\n此为吸饱龙血的古龙龙鳞。
2020035	燃炉魔像脸部的缩小版本。\n用于制作道具的其中一项材料。\n\n非常罕见的物品。\n\n弯曲角围绕的那副石面具，\n据说是来自角人们的传说故事中，\n所提及的火焰恶神。
2200000	寄宿着灵魂的骨灰。\n能召唤咒剑士米拉的灵魂。\n在召唤后会立刻投入战斗。\n\n手持波动状圆刀刃，舞动般地挥动──\n所谓的咒剑士，指的是无法成为土地神的修行者。\n对侵略角人土地的人而言，他们是恐怖的灾厄。\n\n在过去，此地尚未蒙上侵略阴影的时期，\n灾厄受人忌讳，因此咒剑士们被关进监牢。\n米拉也是受幽禁的一员，随后与拉比利士结交为友。\n据说米拉的死，让拉比利士的心陷入了黑暗。
2200001	寄宿着灵魂的骨灰。\n能召唤咒剑士米拉的灵魂。\n在召唤后会立刻投入战斗。\n\n手持波动状圆刀刃，舞动般地挥动──\n所谓的咒剑士，指的是无法成为土地神的修行者。\n对侵略角人土地的人而言，他们是恐怖的灾厄。\n\n在过去，此地尚未蒙上侵略阴影的时期，\n灾厄受人忌讳，因此咒剑士们被关进监牢。\n米拉也是受幽禁的一员，随后与拉比利士结交为友。\n据说米拉的死，让拉比利士的心陷入了黑暗。
2200002	寄宿着灵魂的骨灰。\n能召唤咒剑士米拉的灵魂。\n在召唤后会立刻投入战斗。\n\n手持波动状圆刀刃，舞动般地挥动──\n所谓的咒剑士，指的是无法成为土地神的修行者。\n对侵略角人土地的人而言，他们是恐怖的灾厄。\n\n在过去，此地尚未蒙上侵略阴影的时期，\n灾厄受人忌讳，因此咒剑士们被关进监牢。\n米拉也是受幽禁的一员，随后与拉比利士结交为友。\n据说米拉的死，让拉比利士的心陷入了黑暗。
2200003	寄宿着灵魂的骨灰。\n能召唤咒剑士米拉的灵魂。\n在召唤后会立刻投入战斗。\n\n手持波动状圆刀刃，舞动般地挥动──\n所谓的咒剑士，指的是无法成为土地神的修行者。\n对侵略角人土地的人而言，他们是恐怖的灾厄。\n\n在过去，此地尚未蒙上侵略阴影的时期，\n灾厄受人忌讳，因此咒剑士们被关进监牢。\n米拉也是受幽禁的一员，随后与拉比利士结交为友。\n据说米拉的死，让拉比利士的心陷入了黑暗。
2200004	寄宿着灵魂的骨灰。\n能召唤咒剑士米拉的灵魂。\n在召唤后会立刻投入战斗。\n\n手持波动状圆刀刃，舞动般地挥动──\n所谓的咒剑士，指的是无法成为土地神的修行者。\n对侵略角人土地的人而言，他们是恐怖的灾厄。\n\n在过去，此地尚未蒙上侵略阴影的时期，\n灾厄受人忌讳，因此咒剑士们被关进监牢。\n米拉也是受幽禁的一员，随后与拉比利士结交为友。\n据说米拉的死，让拉比利士的心陷入了黑暗。
2200005	寄宿着灵魂的骨灰。\n能召唤咒剑士米拉的灵魂。\n在召唤后会立刻投入战斗。\n\n手持波动状圆刀刃，舞动般地挥动──\n所谓的咒剑士，指的是无法成为土地神的修行者。\n对侵略角人土地的人而言，他们是恐怖的灾厄。\n\n在过去，此地尚未蒙上侵略阴影的时期，\n灾厄受人忌讳，因此咒剑士们被关进监牢。\n米拉也是受幽禁的一员，随后与拉比利士结交为友。\n据说米拉的死，让拉比利士的心陷入了黑暗。
2200006	寄宿着灵魂的骨灰。\n能召唤咒剑士米拉的灵魂。\n在召唤后会立刻投入战斗。\n\n手持波动状圆刀刃，舞动般地挥动──\n所谓的咒剑士，指的是无法成为土地神的修行者。\n对侵略角人土地的人而言，他们是恐怖的灾厄。\n\n在过去，此地尚未蒙上侵略阴影的时期，\n灾厄受人忌讳，因此咒剑士们被关进监牢。\n米拉也是受幽禁的一员，随后与拉比利士结交为友。\n据说米拉的死，让拉比利士的心陷入了黑暗。
2200007	寄宿着灵魂的骨灰。\n能召唤咒剑士米拉的灵魂。\n在召唤后会立刻投入战斗。\n\n手持波动状圆刀刃，舞动般地挥动──\n所谓的咒剑士，指的是无法成为土地神的修行者。\n对侵略角人土地的人而言，他们是恐怖的灾厄。\n\n在过去，此地尚未蒙上侵略阴影的时期，\n灾厄受人忌讳，因此咒剑士们被关进监牢。\n米拉也是受幽禁的一员，随后与拉比利士结交为友。\n据说米拉的死，让拉比利士的心陷入了黑暗。
2200008	寄宿着灵魂的骨灰。\n能召唤咒剑士米拉的灵魂。\n在召唤后会立刻投入战斗。\n\n手持波动状圆刀刃，舞动般地挥动──\n所谓的咒剑士，指的是无法成为土地神的修行者。\n对侵略角人土地的人而言，他们是恐怖的灾厄。\n\n在过去，此地尚未蒙上侵略阴影的时期，\n灾厄受人忌讳，因此咒剑士们被关进监牢。\n米拉也是受幽禁的一员，随后与拉比利士结交为友。\n据说米拉的死，让拉比利士的心陷入了黑暗。
2200009	寄宿着灵魂的骨灰。\n能召唤咒剑士米拉的灵魂。\n在召唤后会立刻投入战斗。\n\n手持波动状圆刀刃，舞动般地挥动──\n所谓的咒剑士，指的是无法成为土地神的修行者。\n对侵略角人土地的人而言，他们是恐怖的灾厄。\n\n在过去，此地尚未蒙上侵略阴影的时期，\n灾厄受人忌讳，因此咒剑士们被关进监牢。\n米拉也是受幽禁的一员，随后与拉比利士结交为友。\n据说米拉的死，让拉比利士的心陷入了黑暗。
2200010	寄宿着灵魂的骨灰。\n能召唤咒剑士米拉的灵魂。\n在召唤后会立刻投入战斗。\n\n手持波动状圆刀刃，舞动般地挥动──\n所谓的咒剑士，指的是无法成为土地神的修行者。\n对侵略角人土地的人而言，他们是恐怖的灾厄。\n\n在过去，此地尚未蒙上侵略阴影的时期，\n灾厄受人忌讳，因此咒剑士们被关进监牢。\n米拉也是受幽禁的一员，随后与拉比利士结交为友。\n据说米拉的死，让拉比利士的心陷入了黑暗。
2201000	寄宿着灵魂的骨灰。\n能召唤血怪咒术师的灵魂。\n召唤时不消耗专注值，而是血量。\n\n能执行圣矛授血、血焰咒术的灵魂。\n当敌人陷入出血时，仍不忘表现兴奋情绪。\n\n过去饱受凌虐的奴隶民族，从战争造成的伤痕中，\n发现了异样的为神本质，而后化成了血怪。\n真实之母就是救赎。
2201001	寄宿着灵魂的骨灰。\n能召唤血怪咒术师的灵魂。\n召唤时不消耗专注值，而是血量。\n\n能执行圣矛授血、血焰咒术的灵魂。\n当敌人陷入出血时，仍不忘表现兴奋情绪。\n\n过去饱受凌虐的奴隶民族，从战争造成的伤痕中，\n发现了异样的为神本质，而后化成了血怪。\n真实之母就是救赎。
2201002	寄宿着灵魂的骨灰。\n能召唤血怪咒术师的灵魂。\n召唤时不消耗专注值，而是血量。\n\n能执行圣矛授血、血焰咒术的灵魂。\n当敌人陷入出血时，仍不忘表现兴奋情绪。\n\n过去饱受凌虐的奴隶民族，从战争造成的伤痕中，\n发现了异样的为神本质，而后化成了血怪。\n真实之母就是救赎。
2201003	寄宿着灵魂的骨灰。\n能召唤血怪咒术师的灵魂。\n召唤时不消耗专注值，而是血量。\n\n能执行圣矛授血、血焰咒术的灵魂。\n当敌人陷入出血时，仍不忘表现兴奋情绪。\n\n过去饱受凌虐的奴隶民族，从战争造成的伤痕中，\n发现了异样的为神本质，而后化成了血怪。\n真实之母就是救赎。
2201004	寄宿着灵魂的骨灰。\n能召唤血怪咒术师的灵魂。\n召唤时不消耗专注值，而是血量。\n\n能执行圣矛授血、血焰咒术的灵魂。\n当敌人陷入出血时，仍不忘表现兴奋情绪。\n\n过去饱受凌虐的奴隶民族，从战争造成的伤痕中，\n发现了异样的为神本质，而后化成了血怪。\n真实之母就是救赎。
2201005	寄宿着灵魂的骨灰。\n能召唤血怪咒术师的灵魂。\n召唤时不消耗专注值，而是血量。\n\n能执行圣矛授血、血焰咒术的灵魂。\n当敌人陷入出血时，仍不忘表现兴奋情绪。\n\n过去饱受凌虐的奴隶民族，从战争造成的伤痕中，\n发现了异样的为神本质，而后化成了血怪。\n真实之母就是救赎。
2201006	寄宿着灵魂的骨灰。\n能召唤血怪咒术师的灵魂。\n召唤时不消耗专注值，而是血量。\n\n能执行圣矛授血、血焰咒术的灵魂。\n当敌人陷入出血时，仍不忘表现兴奋情绪。\n\n过去饱受凌虐的奴隶民族，从战争造成的伤痕中，\n发现了异样的为神本质，而后化成了血怪。\n真实之母就是救赎。
2201007	寄宿着灵魂的骨灰。\n能召唤血怪咒术师的灵魂。\n召唤时不消耗专注值，而是血量。\n\n能执行圣矛授血、血焰咒术的灵魂。\n当敌人陷入出血时，仍不忘表现兴奋情绪。\n\n过去饱受凌虐的奴隶民族，从战争造成的伤痕中，\n发现了异样的为神本质，而后化成了血怪。\n真实之母就是救赎。
2201008	寄宿着灵魂的骨灰。\n能召唤血怪咒术师的灵魂。\n召唤时不消耗专注值，而是血量。\n\n能执行圣矛授血、血焰咒术的灵魂。\n当敌人陷入出血时，仍不忘表现兴奋情绪。\n\n过去饱受凌虐的奴隶民族，从战争造成的伤痕中，\n发现了异样的为神本质，而后化成了血怪。\n真实之母就是救赎。
2201009	寄宿着灵魂的骨灰。\n能召唤血怪咒术师的灵魂。\n召唤时不消耗专注值，而是血量。\n\n能执行圣矛授血、血焰咒术的灵魂。\n当敌人陷入出血时，仍不忘表现兴奋情绪。\n\n过去饱受凌虐的奴隶民族，从战争造成的伤痕中，\n发现了异样的为神本质，而后化成了血怪。\n真实之母就是救赎。
2201010	寄宿着灵魂的骨灰。\n能召唤血怪咒术师的灵魂。\n召唤时不消耗专注值，而是血量。\n\n能执行圣矛授血、血焰咒术的灵魂。\n当敌人陷入出血时，仍不忘表现兴奋情绪。\n\n过去饱受凌虐的奴隶民族，从战争造成的伤痕中，\n发现了异样的为神本质，而后化成了血怪。\n真实之母就是救赎。
2202000	寄宿着灵魂的骨灰。\n能召唤守墓鸟的灵魂。\n\n灵墓守卫──古老魔像的灵魂。\n能用石质双翼飞翔，喷出灵火吐息。\n\n据说是作为死之鸟的眷属而制。
2202001	寄宿着灵魂的骨灰。\n能召唤守墓鸟的灵魂。\n\n灵墓守卫──古老魔像的灵魂。\n能用石质双翼飞翔，喷出灵火吐息。\n\n据说是作为死之鸟的眷属而制。
2202002	寄宿着灵魂的骨灰。\n能召唤守墓鸟的灵魂。\n\n灵墓守卫──古老魔像的灵魂。\n能用石质双翼飞翔，喷出灵火吐息。\n\n据说是作为死之鸟的眷属而制。
2202003	寄宿着灵魂的骨灰。\n能召唤守墓鸟的灵魂。\n\n灵墓守卫──古老魔像的灵魂。\n能用石质双翼飞翔，喷出灵火吐息。\n\n据说是作为死之鸟的眷属而制。
2202004	寄宿着灵魂的骨灰。\n能召唤守墓鸟的灵魂。\n\n灵墓守卫──古老魔像的灵魂。\n能用石质双翼飞翔，喷出灵火吐息。\n\n据说是作为死之鸟的眷属而制。
2202005	寄宿着灵魂的骨灰。\n能召唤守墓鸟的灵魂。\n\n灵墓守卫──古老魔像的灵魂。\n能用石质双翼飞翔，喷出灵火吐息。\n\n据说是作为死之鸟的眷属而制。
2202006	寄宿着灵魂的骨灰。\n能召唤守墓鸟的灵魂。\n\n灵墓守卫──古老魔像的灵魂。\n能用石质双翼飞翔，喷出灵火吐息。\n\n据说是作为死之鸟的眷属而制。
2202007	寄宿着灵魂的骨灰。\n能召唤守墓鸟的灵魂。\n\n灵墓守卫──古老魔像的灵魂。\n能用石质双翼飞翔，喷出灵火吐息。\n\n据说是作为死之鸟的眷属而制。
2202008	寄宿着灵魂的骨灰。\n能召唤守墓鸟的灵魂。\n\n灵墓守卫──古老魔像的灵魂。\n能用石质双翼飞翔，喷出灵火吐息。\n\n据说是作为死之鸟的眷属而制。
2202009	寄宿着灵魂的骨灰。\n能召唤守墓鸟的灵魂。\n\n灵墓守卫──古老魔像的灵魂。\n能用石质双翼飞翔，喷出灵火吐息。\n\n据说是作为死之鸟的眷属而制。
2202010	寄宿着灵魂的骨灰。\n能召唤守墓鸟的灵魂。\n\n灵墓守卫──古老魔像的灵魂。\n能用石质双翼飞翔，喷出灵火吐息。\n\n据说是作为死之鸟的眷属而制。
2203000	寄宿着灵魂的骨灰。\n能召唤“火焰骑士”希德的灵魂。\n\n直属梅瑟莫的火焰骑士灵魂。\n能挥舞细长大剑，执行火焰祷告。\n\n希德是贤者萨赞的朋友，\n提倡必须保管、收藏物种的其中一人。\n据说她的骨灰受人祭拜，\n被视为守护保藏库的象征。
2203001	寄宿着灵魂的骨灰。\n能召唤“火焰骑士”希德的灵魂。\n\n直属梅瑟莫的火焰骑士灵魂。\n能挥舞细长大剑，执行火焰祷告。\n\n希德是贤者萨赞的朋友，\n提倡必须保管、收藏物种的其中一人。\n据说她的骨灰受人祭拜，\n被视为守护保藏库的象征。
2203002	寄宿着灵魂的骨灰。\n能召唤“火焰骑士”希德的灵魂。\n\n直属梅瑟莫的火焰骑士灵魂。\n能挥舞细长大剑，执行火焰祷告。\n\n希德是贤者萨赞的朋友，\n提倡必须保管、收藏物种的其中一人。\n据说她的骨灰受人祭拜，\n被视为守护保藏库的象征。
2203003	寄宿着灵魂的骨灰。\n能召唤“火焰骑士”希德的灵魂。\n\n直属梅瑟莫的火焰骑士灵魂。\n能挥舞细长大剑，执行火焰祷告。\n\n希德是贤者萨赞的朋友，\n提倡必须保管、收藏物种的其中一人。\n据说她的骨灰受人祭拜，\n被视为守护保藏库的象征。
2203004	寄宿着灵魂的骨灰。\n能召唤“火焰骑士”希德的灵魂。\n\n直属梅瑟莫的火焰骑士灵魂。\n能挥舞细长大剑，执行火焰祷告。\n\n希德是贤者萨赞的朋友，\n提倡必须保管、收藏物种的其中一人。\n据说她的骨灰受人祭拜，\n被视为守护保藏库的象征。
2203005	寄宿着灵魂的骨灰。\n能召唤“火焰骑士”希德的灵魂。\n\n直属梅瑟莫的火焰骑士灵魂。\n能挥舞细长大剑，执行火焰祷告。\n\n希德是贤者萨赞的朋友，\n提倡必须保管、收藏物种的其中一人。\n据说她的骨灰受人祭拜，\n被视为守护保藏库的象征。
2203006	寄宿着灵魂的骨灰。\n能召唤“火焰骑士”希德的灵魂。\n\n直属梅瑟莫的火焰骑士灵魂。\n能挥舞细长大剑，执行火焰祷告。\n\n希德是贤者萨赞的朋友，\n提倡必须保管、收藏物种的其中一人。\n据说她的骨灰受人祭拜，\n被视为守护保藏库的象征。
2203007	寄宿着灵魂的骨灰。\n能召唤“火焰骑士”希德的灵魂。\n\n直属梅瑟莫的火焰骑士灵魂。\n能挥舞细长大剑，执行火焰祷告。\n\n希德是贤者萨赞的朋友，\n提倡必须保管、收藏物种的其中一人。\n据说她的骨灰受人祭拜，\n被视为守护保藏库的象征。
2203008	寄宿着灵魂的骨灰。\n能召唤“火焰骑士”希德的灵魂。\n\n直属梅瑟莫的火焰骑士灵魂。\n能挥舞细长大剑，执行火焰祷告。\n\n希德是贤者萨赞的朋友，\n提倡必须保管、收藏物种的其中一人。\n据说她的骨灰受人祭拜，\n被视为守护保藏库的象征。
2203009	寄宿着灵魂的骨灰。\n能召唤“火焰骑士”希德的灵魂。\n\n直属梅瑟莫的火焰骑士灵魂。\n能挥舞细长大剑，执行火焰祷告。\n\n希德是贤者萨赞的朋友，\n提倡必须保管、收藏物种的其中一人。\n据说她的骨灰受人祭拜，\n被视为守护保藏库的象征。
2203010	寄宿着灵魂的骨灰。\n能召唤“火焰骑士”希德的灵魂。\n\n直属梅瑟莫的火焰骑士灵魂。\n能挥舞细长大剑，执行火焰祷告。\n\n希德是贤者萨赞的朋友，\n提倡必须保管、收藏物种的其中一人。\n据说她的骨灰受人祭拜，\n被视为守护保藏库的象征。
2204000	寄宿着灵魂的骨灰。\n能召唤蜘蛛蝎的灵魂。\n\n体型大于人身的蝎子灵魂。\n会用螯与尾巴攻击，尾巴的刺带有毒性。\n召唤后会在远方现身。\n\n此为幽影之地的特有种生物，原本的体型更小。\n据说现在的大型个体，都是生自花蕾教堂。
2204001	寄宿着灵魂的骨灰。\n能召唤蜘蛛蝎的灵魂。\n\n体型大于人身的蝎子灵魂。\n会用螯与尾巴攻击，尾巴的刺带有毒性。\n召唤后会在远方现身。\n\n此为幽影之地的特有种生物，原本的体型更小。\n据说现在的大型个体，都是生自花蕾教堂。
2204002	寄宿着灵魂的骨灰。\n能召唤蜘蛛蝎的灵魂。\n\n体型大于人身的蝎子灵魂。\n会用螯与尾巴攻击，尾巴的刺带有毒性。\n召唤后会在远方现身。\n\n此为幽影之地的特有种生物，原本的体型更小。\n据说现在的大型个体，都是生自花蕾教堂。
2204003	寄宿着灵魂的骨灰。\n能召唤蜘蛛蝎的灵魂。\n\n体型大于人身的蝎子灵魂。\n会用螯与尾巴攻击，尾巴的刺带有毒性。\n召唤后会在远方现身。\n\n此为幽影之地的特有种生物，原本的体型更小。\n据说现在的大型个体，都是生自花蕾教堂。
2204004	寄宿着灵魂的骨灰。\n能召唤蜘蛛蝎的灵魂。\n\n体型大于人身的蝎子灵魂。\n会用螯与尾巴攻击，尾巴的刺带有毒性。\n召唤后会在远方现身。\n\n此为幽影之地的特有种生物，原本的体型更小。\n据说现在的大型个体，都是生自花蕾教堂。
2204005	寄宿着灵魂的骨灰。\n能召唤蜘蛛蝎的灵魂。\n\n体型大于人身的蝎子灵魂。\n会用螯与尾巴攻击，尾巴的刺带有毒性。\n召唤后会在远方现身。\n\n此为幽影之地的特有种生物，原本的体型更小。\n据说现在的大型个体，都是生自花蕾教堂。
2204006	寄宿着灵魂的骨灰。\n能召唤蜘蛛蝎的灵魂。\n\n体型大于人身的蝎子灵魂。\n会用螯与尾巴攻击，尾巴的刺带有毒性。\n召唤后会在远方现身。\n\n此为幽影之地的特有种生物，原本的体型更小。\n据说现在的大型个体，都是生自花蕾教堂。
2204007	寄宿着灵魂的骨灰。\n能召唤蜘蛛蝎的灵魂。\n\n体型大于人身的蝎子灵魂。\n会用螯与尾巴攻击，尾巴的刺带有毒性。\n召唤后会在远方现身。\n\n此为幽影之地的特有种生物，原本的体型更小。\n据说现在的大型个体，都是生自花蕾教堂。
2204008	寄宿着灵魂的骨灰。\n能召唤蜘蛛蝎的灵魂。\n\n体型大于人身的蝎子灵魂。\n会用螯与尾巴攻击，尾巴的刺带有毒性。\n召唤后会在远方现身。\n\n此为幽影之地的特有种生物，原本的体型更小。\n据说现在的大型个体，都是生自花蕾教堂。
2204009	寄宿着灵魂的骨灰。\n能召唤蜘蛛蝎的灵魂。\n\n体型大于人身的蝎子灵魂。\n会用螯与尾巴攻击，尾巴的刺带有毒性。\n召唤后会在远方现身。\n\n此为幽影之地的特有种生物，原本的体型更小。\n据说现在的大型个体，都是生自花蕾教堂。
2204010	寄宿着灵魂的骨灰。\n能召唤蜘蛛蝎的灵魂。\n\n体型大于人身的蝎子灵魂。\n会用螯与尾巴攻击，尾巴的刺带有毒性。\n召唤后会在远方现身。\n\n此为幽影之地的特有种生物，原本的体型更小。\n据说现在的大型个体，都是生自花蕾教堂。
2205000	寄宿着灵魂的骨灰。\n能召唤２名角人拷问官的灵魂。\n\n手持倒刺烛台的拷问老妪灵魂。\n会执行塔的咒术，其中一人负责恢复血量，\n另一人会提升自己的攻击力。\n\n拷问时如果阅历过浅，常会感到迷惘。\n因此，此一职责会落在老者身上。
2205001	寄宿着灵魂的骨灰。\n能召唤２名角人拷问官的灵魂。\n\n手持倒刺烛台的拷问老妪灵魂。\n会执行塔的咒术，其中一人负责恢复血量，\n另一人会提升自己的攻击力。\n\n拷问时如果阅历过浅，常会感到迷惘。\n因此，此一职责会落在老者身上。
2205002	寄宿着灵魂的骨灰。\n能召唤２名角人拷问官的灵魂。\n\n手持倒刺烛台的拷问老妪灵魂。\n会执行塔的咒术，其中一人负责恢复血量，\n另一人会提升自己的攻击力。\n\n拷问时如果阅历过浅，常会感到迷惘。\n因此，此一职责会落在老者身上。
2205003	寄宿着灵魂的骨灰。\n能召唤２名角人拷问官的灵魂。\n\n手持倒刺烛台的拷问老妪灵魂。\n会执行塔的咒术，其中一人负责恢复血量，\n另一人会提升自己的攻击力。\n\n拷问时如果阅历过浅，常会感到迷惘。\n因此，此一职责会落在老者身上。
2205004	寄宿着灵魂的骨灰。\n能召唤２名角人拷问官的灵魂。\n\n手持倒刺烛台的拷问老妪灵魂。\n会执行塔的咒术，其中一人负责恢复血量，\n另一人会提升自己的攻击力。\n\n拷问时如果阅历过浅，常会感到迷惘。\n因此，此一职责会落在老者身上。
2205005	寄宿着灵魂的骨灰。\n能召唤２名角人拷问官的灵魂。\n\n手持倒刺烛台的拷问老妪灵魂。\n会执行塔的咒术，其中一人负责恢复血量，\n另一人会提升自己的攻击力。\n\n拷问时如果阅历过浅，常会感到迷惘。\n因此，此一职责会落在老者身上。
2205006	寄宿着灵魂的骨灰。\n能召唤２名角人拷问官的灵魂。\n\n手持倒刺烛台的拷问老妪灵魂。\n会执行塔的咒术，其中一人负责恢复血量，\n另一人会提升自己的攻击力。\n\n拷问时如果阅历过浅，常会感到迷惘。\n因此，此一职责会落在老者身上。
2205007	寄宿着灵魂的骨灰。\n能召唤２名角人拷问官的灵魂。\n\n手持倒刺烛台的拷问老妪灵魂。\n会执行塔的咒术，其中一人负责恢复血量，\n另一人会提升自己的攻击力。\n\n拷问时如果阅历过浅，常会感到迷惘。\n因此，此一职责会落在老者身上。
2205008	寄宿着灵魂的骨灰。\n能召唤２名角人拷问官的灵魂。\n\n手持倒刺烛台的拷问老妪灵魂。\n会执行塔的咒术，其中一人负责恢复血量，\n另一人会提升自己的攻击力。\n\n拷问时如果阅历过浅，常会感到迷惘。\n因此，此一职责会落在老者身上。
2205009	寄宿着灵魂的骨灰。\n能召唤２名角人拷问官的灵魂。\n\n手持倒刺烛台的拷问老妪灵魂。\n会执行塔的咒术，其中一人负责恢复血量，\n另一人会提升自己的攻击力。\n\n拷问时如果阅历过浅，常会感到迷惘。\n因此，此一职责会落在老者身上。
2205010	寄宿着灵魂的骨灰。\n能召唤２名角人拷问官的灵魂。\n\n手持倒刺烛台的拷问老妪灵魂。\n会执行塔的咒术，其中一人负责恢复血量，\n另一人会提升自己的攻击力。\n\n拷问时如果阅历过浅，常会感到迷惘。\n因此，此一职责会落在老者身上。
2206000	寄宿着灵魂的骨灰。\n能召唤“亚人剑士”约西的灵魂。\n\n翁吉为精通连星剑的剑圣──\n他发觉星星相连的尽头，有毁灭的形影。\n为了封印连星，自愿被关入牢房。\n\n约西拜翁吉为师，修习连星剑。\n他坚决不听从老师的指示，\n一生不曾离开老师的身边。
2206001	寄宿着灵魂的骨灰。\n能召唤“亚人剑士”约西的灵魂。\n\n翁吉为精通连星剑的剑圣──\n他发觉星星相连的尽头，有毁灭的形影。\n为了封印连星，自愿被关入牢房。\n\n约西拜翁吉为师，修习连星剑。\n他坚决不听从老师的指示，\n一生不曾离开老师的身边。
2206002	寄宿着灵魂的骨灰。\n能召唤“亚人剑士”约西的灵魂。\n\n翁吉为精通连星剑的剑圣──\n他发觉星星相连的尽头，有毁灭的形影。\n为了封印连星，自愿被关入牢房。\n\n约西拜翁吉为师，修习连星剑。\n他坚决不听从老师的指示，\n一生不曾离开老师的身边。
2206003	寄宿着灵魂的骨灰。\n能召唤“亚人剑士”约西的灵魂。\n\n翁吉为精通连星剑的剑圣──\n他发觉星星相连的尽头，有毁灭的形影。\n为了封印连星，自愿被关入牢房。\n\n约西拜翁吉为师，修习连星剑。\n他坚决不听从老师的指示，\n一生不曾离开老师的身边。
2206004	寄宿着灵魂的骨灰。\n能召唤“亚人剑士”约西的灵魂。\n\n翁吉为精通连星剑的剑圣──\n他发觉星星相连的尽头，有毁灭的形影。\n为了封印连星，自愿被关入牢房。\n\n约西拜翁吉为师，修习连星剑。\n他坚决不听从老师的指示，\n一生不曾离开老师的身边。
2206005	寄宿着灵魂的骨灰。\n能召唤“亚人剑士”约西的灵魂。\n\n翁吉为精通连星剑的剑圣──\n他发觉星星相连的尽头，有毁灭的形影。\n为了封印连星，自愿被关入牢房。\n\n约西拜翁吉为师，修习连星剑。\n他坚决不听从老师的指示，\n一生不曾离开老师的身边。
2206006	寄宿着灵魂的骨灰。\n能召唤“亚人剑士”约西的灵魂。\n\n翁吉为精通连星剑的剑圣──\n他发觉星星相连的尽头，有毁灭的形影。\n为了封印连星，自愿被关入牢房。\n\n约西拜翁吉为师，修习连星剑。\n他坚决不听从老师的指示，\n一生不曾离开老师的身边。
2206007	寄宿着灵魂的骨灰。\n能召唤“亚人剑士”约西的灵魂。\n\n翁吉为精通连星剑的剑圣──\n他发觉星星相连的尽头，有毁灭的形影。\n为了封印连星，自愿被关入牢房。\n\n约西拜翁吉为师，修习连星剑。\n他坚决不听从老师的指示，\n一生不曾离开老师的身边。
2206008	寄宿着灵魂的骨灰。\n能召唤“亚人剑士”约西的灵魂。\n\n翁吉为精通连星剑的剑圣──\n他发觉星星相连的尽头，有毁灭的形影。\n为了封印连星，自愿被关入牢房。\n\n约西拜翁吉为师，修习连星剑。\n他坚决不听从老师的指示，\n一生不曾离开老师的身边。
2206009	寄宿着灵魂的骨灰。\n能召唤“亚人剑士”约西的灵魂。\n\n翁吉为精通连星剑的剑圣──\n他发觉星星相连的尽头，有毁灭的形影。\n为了封印连星，自愿被关入牢房。\n\n约西拜翁吉为师，修习连星剑。\n他坚决不听从老师的指示，\n一生不曾离开老师的身边。
2206010	寄宿着灵魂的骨灰。\n能召唤“亚人剑士”约西的灵魂。\n\n翁吉为精通连星剑的剑圣──\n他发觉星星相连的尽头，有毁灭的形影。\n为了封印连星，自愿被关入牢房。\n\n约西拜翁吉为师，修习连星剑。\n他坚决不听从老师的指示，\n一生不曾离开老师的身边。
2207000	寄宿着灵魂的骨灰。\n能召唤２名梅瑟莫士兵的灵魂。\n\n由持斧、持矛士兵搭配的组合，\n两者都很擅长蓄力攻击。\n\n他们是不光荣的惩罚队成员，\n因此被默默埋葬在看不见幽影树的地方。
2207001	寄宿着灵魂的骨灰。\n能召唤２名梅瑟莫士兵的灵魂。\n\n由持斧、持矛士兵搭配的组合，\n两者都很擅长蓄力攻击。\n\n他们是不光荣的惩罚队成员，\n因此被默默埋葬在看不见幽影树的地方。
2207002	寄宿着灵魂的骨灰。\n能召唤２名梅瑟莫士兵的灵魂。\n\n由持斧、持矛士兵搭配的组合，\n两者都很擅长蓄力攻击。\n\n他们是不光荣的惩罚队成员，\n因此被默默埋葬在看不见幽影树的地方。
2207003	寄宿着灵魂的骨灰。\n能召唤２名梅瑟莫士兵的灵魂。\n\n由持斧、持矛士兵搭配的组合，\n两者都很擅长蓄力攻击。\n\n他们是不光荣的惩罚队成员，\n因此被默默埋葬在看不见幽影树的地方。
2207004	寄宿着灵魂的骨灰。\n能召唤２名梅瑟莫士兵的灵魂。\n\n由持斧、持矛士兵搭配的组合，\n两者都很擅长蓄力攻击。\n\n他们是不光荣的惩罚队成员，\n因此被默默埋葬在看不见幽影树的地方。
2207005	寄宿着灵魂的骨灰。\n能召唤２名梅瑟莫士兵的灵魂。\n\n由持斧、持矛士兵搭配的组合，\n两者都很擅长蓄力攻击。\n\n他们是不光荣的惩罚队成员，\n因此被默默埋葬在看不见幽影树的地方。
2207006	寄宿着灵魂的骨灰。\n能召唤２名梅瑟莫士兵的灵魂。\n\n由持斧、持矛士兵搭配的组合，\n两者都很擅长蓄力攻击。\n\n他们是不光荣的惩罚队成员，\n因此被默默埋葬在看不见幽影树的地方。
2207007	寄宿着灵魂的骨灰。\n能召唤２名梅瑟莫士兵的灵魂。\n\n由持斧、持矛士兵搭配的组合，\n两者都很擅长蓄力攻击。\n\n他们是不光荣的惩罚队成员，\n因此被默默埋葬在看不见幽影树的地方。
2207008	寄宿着灵魂的骨灰。\n能召唤２名梅瑟莫士兵的灵魂。\n\n由持斧、持矛士兵搭配的组合，\n两者都很擅长蓄力攻击。\n\n他们是不光荣的惩罚队成员，\n因此被默默埋葬在看不见幽影树的地方。
2207009	寄宿着灵魂的骨灰。\n能召唤２名梅瑟莫士兵的灵魂。\n\n由持斧、持矛士兵搭配的组合，\n两者都很擅长蓄力攻击。\n\n他们是不光荣的惩罚队成员，\n因此被默默埋葬在看不见幽影树的地方。
2207010	寄宿着灵魂的骨灰。\n能召唤２名梅瑟莫士兵的灵魂。\n\n由持斧、持矛士兵搭配的组合，\n两者都很擅长蓄力攻击。\n\n他们是不光荣的惩罚队成员，\n因此被默默埋葬在看不见幽影树的地方。
2208000	寄宿着灵魂的骨灰。\n能召唤“黑骑士团长”安卓斯的灵魂。\n\n黑骑士团为梅瑟莫军的主要战力。\n其中身为初代团长的灵魂，\n既孔武有力，也能执行熔炉的力量。\n\n即使受黄金树放逐，安卓斯依旧虔诚。\n据说在得知梅瑟莫的为蛇性质后，便举兵叛变。\n最后吞下败仗，被幽禁在地下墓地。
2208001	寄宿着灵魂的骨灰。\n能召唤“黑骑士团长”安卓斯的灵魂。\n\n黑骑士团为梅瑟莫军的主要战力。\n其中身为初代团长的灵魂，\n既孔武有力，也能执行熔炉的力量。\n\n即使受黄金树放逐，安卓斯依旧虔诚。\n据说在得知梅瑟莫的为蛇性质后，便举兵叛变。\n最后吞下败仗，被幽禁在地下墓地。
2208002	寄宿着灵魂的骨灰。\n能召唤“黑骑士团长”安卓斯的灵魂。\n\n黑骑士团为梅瑟莫军的主要战力。\n其中身为初代团长的灵魂，\n既孔武有力，也能执行熔炉的力量。\n\n即使受黄金树放逐，安卓斯依旧虔诚。\n据说在得知梅瑟莫的为蛇性质后，便举兵叛变。\n最后吞下败仗，被幽禁在地下墓地。
2208003	寄宿着灵魂的骨灰。\n能召唤“黑骑士团长”安卓斯的灵魂。\n\n黑骑士团为梅瑟莫军的主要战力。\n其中身为初代团长的灵魂，\n既孔武有力，也能执行熔炉的力量。\n\n即使受黄金树放逐，安卓斯依旧虔诚。\n据说在得知梅瑟莫的为蛇性质后，便举兵叛变。\n最后吞下败仗，被幽禁在地下墓地。
2208004	寄宿着灵魂的骨灰。\n能召唤“黑骑士团长”安卓斯的灵魂。\n\n黑骑士团为梅瑟莫军的主要战力。\n其中身为初代团长的灵魂，\n既孔武有力，也能执行熔炉的力量。\n\n即使受黄金树放逐，安卓斯依旧虔诚。\n据说在得知梅瑟莫的为蛇性质后，便举兵叛变。\n最后吞下败仗，被幽禁在地下墓地。
2208005	寄宿着灵魂的骨灰。\n能召唤“黑骑士团长”安卓斯的灵魂。\n\n黑骑士团为梅瑟莫军的主要战力。\n其中身为初代团长的灵魂，\n既孔武有力，也能执行熔炉的力量。\n\n即使受黄金树放逐，安卓斯依旧虔诚。\n据说在得知梅瑟莫的为蛇性质后，便举兵叛变。\n最后吞下败仗，被幽禁在地下墓地。
2208006	寄宿着灵魂的骨灰。\n能召唤“黑骑士团长”安卓斯的灵魂。\n\n黑骑士团为梅瑟莫军的主要战力。\n其中身为初代团长的灵魂，\n既孔武有力，也能执行熔炉的力量。\n\n即使受黄金树放逐，安卓斯依旧虔诚。\n据说在得知梅瑟莫的为蛇性质后，便举兵叛变。\n最后吞下败仗，被幽禁在地下墓地。
2208007	寄宿着灵魂的骨灰。\n能召唤“黑骑士团长”安卓斯的灵魂。\n\n黑骑士团为梅瑟莫军的主要战力。\n其中身为初代团长的灵魂，\n既孔武有力，也能执行熔炉的力量。\n\n即使受黄金树放逐，安卓斯依旧虔诚。\n据说在得知梅瑟莫的为蛇性质后，便举兵叛变。\n最后吞下败仗，被幽禁在地下墓地。
2208008	寄宿着灵魂的骨灰。\n能召唤“黑骑士团长”安卓斯的灵魂。\n\n黑骑士团为梅瑟莫军的主要战力。\n其中身为初代团长的灵魂，\n既孔武有力，也能执行熔炉的力量。\n\n即使受黄金树放逐，安卓斯依旧虔诚。\n据说在得知梅瑟莫的为蛇性质后，便举兵叛变。\n最后吞下败仗，被幽禁在地下墓地。
2208009	寄宿着灵魂的骨灰。\n能召唤“黑骑士团长”安卓斯的灵魂。\n\n黑骑士团为梅瑟莫军的主要战力。\n其中身为初代团长的灵魂，\n既孔武有力，也能执行熔炉的力量。\n\n即使受黄金树放逐，安卓斯依旧虔诚。\n据说在得知梅瑟莫的为蛇性质后，便举兵叛变。\n最后吞下败仗，被幽禁在地下墓地。
2208010	寄宿着灵魂的骨灰。\n能召唤“黑骑士团长”安卓斯的灵魂。\n\n黑骑士团为梅瑟莫军的主要战力。\n其中身为初代团长的灵魂，\n既孔武有力，也能执行熔炉的力量。\n\n即使受黄金树放逐，安卓斯依旧虔诚。\n据说在得知梅瑟莫的为蛇性质后，便举兵叛变。\n最后吞下败仗，被幽禁在地下墓地。
2209000	寄宿着灵魂的骨灰。\n能召唤“黑骑士副团长”修的灵魂。\n\n黑骑士团为梅瑟莫军的主要战力。\n其中身为初代副团长的灵魂，\n手持双头剑，能使出如流水般的剑术，\n也能执行熔炉的力量。\n\n修有着狩猎神兽的功劳在身，\n却听从父亲安卓斯的命令，参与叛变。\n最后吞下败仗，被幽禁在地下墓地。\n据说梅瑟莫因为失去战友，感到十分悲痛。
2209001	寄宿着灵魂的骨灰。\n能召唤“黑骑士副团长”修的灵魂。\n\n黑骑士团为梅瑟莫军的主要战力。\n其中身为初代副团长的灵魂，\n手持双头剑，能使出如流水般的剑术，\n也能执行熔炉的力量。\n\n修有着狩猎神兽的功劳在身，\n却听从父亲安卓斯的命令，参与叛变。\n最后吞下败仗，被幽禁在地下墓地。\n据说梅瑟莫因为失去战友，感到十分悲痛。
2209002	寄宿着灵魂的骨灰。\n能召唤“黑骑士副团长”修的灵魂。\n\n黑骑士团为梅瑟莫军的主要战力。\n其中身为初代副团长的灵魂，\n手持双头剑，能使出如流水般的剑术，\n也能执行熔炉的力量。\n\n修有着狩猎神兽的功劳在身，\n却听从父亲安卓斯的命令，参与叛变。\n最后吞下败仗，被幽禁在地下墓地。\n据说梅瑟莫因为失去战友，感到十分悲痛。
2209003	寄宿着灵魂的骨灰。\n能召唤“黑骑士副团长”修的灵魂。\n\n黑骑士团为梅瑟莫军的主要战力。\n其中身为初代副团长的灵魂，\n手持双头剑，能使出如流水般的剑术，\n也能执行熔炉的力量。\n\n修有着狩猎神兽的功劳在身，\n却听从父亲安卓斯的命令，参与叛变。\n最后吞下败仗，被幽禁在地下墓地。\n据说梅瑟莫因为失去战友，感到十分悲痛。
2209004	寄宿着灵魂的骨灰。\n能召唤“黑骑士副团长”修的灵魂。\n\n黑骑士团为梅瑟莫军的主要战力。\n其中身为初代副团长的灵魂，\n手持双头剑，能使出如流水般的剑术，\n也能执行熔炉的力量。\n\n修有着狩猎神兽的功劳在身，\n却听从父亲安卓斯的命令，参与叛变。\n最后吞下败仗，被幽禁在地下墓地。\n据说梅瑟莫因为失去战友，感到十分悲痛。
2209005	寄宿着灵魂的骨灰。\n能召唤“黑骑士副团长”修的灵魂。\n\n黑骑士团为梅瑟莫军的主要战力。\n其中身为初代副团长的灵魂，\n手持双头剑，能使出如流水般的剑术，\n也能执行熔炉的力量。\n\n修有着狩猎神兽的功劳在身，\n却听从父亲安卓斯的命令，参与叛变。\n最后吞下败仗，被幽禁在地下墓地。\n据说梅瑟莫因为失去战友，感到十分悲痛。
2209006	寄宿着灵魂的骨灰。\n能召唤“黑骑士副团长”修的灵魂。\n\n黑骑士团为梅瑟莫军的主要战力。\n其中身为初代副团长的灵魂，\n手持双头剑，能使出如流水般的剑术，\n也能执行熔炉的力量。\n\n修有着狩猎神兽的功劳在身，\n却听从父亲安卓斯的命令，参与叛变。\n最后吞下败仗，被幽禁在地下墓地。\n据说梅瑟莫因为失去战友，感到十分悲痛。
2209007	寄宿着灵魂的骨灰。\n能召唤“黑骑士副团长”修的灵魂。\n\n黑骑士团为梅瑟莫军的主要战力。\n其中身为初代副团长的灵魂，\n手持双头剑，能使出如流水般的剑术，\n也能执行熔炉的力量。\n\n修有着狩猎神兽的功劳在身，\n却听从父亲安卓斯的命令，参与叛变。\n最后吞下败仗，被幽禁在地下墓地。\n据说梅瑟莫因为失去战友，感到十分悲痛。
2209008	寄宿着灵魂的骨灰。\n能召唤“黑骑士副团长”修的灵魂。\n\n黑骑士团为梅瑟莫军的主要战力。\n其中身为初代副团长的灵魂，\n手持双头剑，能使出如流水般的剑术，\n也能执行熔炉的力量。\n\n修有着狩猎神兽的功劳在身，\n却听从父亲安卓斯的命令，参与叛变。\n最后吞下败仗，被幽禁在地下墓地。\n据说梅瑟莫因为失去战友，感到十分悲痛。
2209009	寄宿着灵魂的骨灰。\n能召唤“黑骑士副团长”修的灵魂。\n\n黑骑士团为梅瑟莫军的主要战力。\n其中身为初代副团长的灵魂，\n手持双头剑，能使出如流水般的剑术，\n也能执行熔炉的力量。\n\n修有着狩猎神兽的功劳在身，\n却听从父亲安卓斯的命令，参与叛变。\n最后吞下败仗，被幽禁在地下墓地。\n据说梅瑟莫因为失去战友，感到十分悲痛。
2209010	寄宿着灵魂的骨灰。\n能召唤“黑骑士副团长”修的灵魂。\n\n黑骑士团为梅瑟莫军的主要战力。\n其中身为初代副团长的灵魂，\n手持双头剑，能使出如流水般的剑术，\n也能执行熔炉的力量。\n\n修有着狩猎神兽的功劳在身，\n却听从父亲安卓斯的命令，参与叛变。\n最后吞下败仗，被幽禁在地下墓地。\n据说梅瑟莫因为失去战友，感到十分悲痛。
2210000	寄宿着灵魂的骨灰。\n能召唤大嘴小恶魔的灵魂。\n\n参考龙的模样制成的古老小恶魔灵魂。\n那张大嘴是大炮口，能从后方发射炮弹。
2210001	寄宿着灵魂的骨灰。\n能召唤大嘴小恶魔的灵魂。\n\n参考龙的模样制成的古老小恶魔灵魂。\n那张大嘴是大炮口，能从后方发射炮弹。
2210002	寄宿着灵魂的骨灰。\n能召唤大嘴小恶魔的灵魂。\n\n参考龙的模样制成的古老小恶魔灵魂。\n那张大嘴是大炮口，能从后方发射炮弹。
2210003	寄宿着灵魂的骨灰。\n能召唤大嘴小恶魔的灵魂。\n\n参考龙的模样制成的古老小恶魔灵魂。\n那张大嘴是大炮口，能从后方发射炮弹。
2210004	寄宿着灵魂的骨灰。\n能召唤大嘴小恶魔的灵魂。\n\n参考龙的模样制成的古老小恶魔灵魂。\n那张大嘴是大炮口，能从后方发射炮弹。
2210005	寄宿着灵魂的骨灰。\n能召唤大嘴小恶魔的灵魂。\n\n参考龙的模样制成的古老小恶魔灵魂。\n那张大嘴是大炮口，能从后方发射炮弹。
2210006	寄宿着灵魂的骨灰。\n能召唤大嘴小恶魔的灵魂。\n\n参考龙的模样制成的古老小恶魔灵魂。\n那张大嘴是大炮口，能从后方发射炮弹。
2210007	寄宿着灵魂的骨灰。\n能召唤大嘴小恶魔的灵魂。\n\n参考龙的模样制成的古老小恶魔灵魂。\n那张大嘴是大炮口，能从后方发射炮弹。
2210008	寄宿着灵魂的骨灰。\n能召唤大嘴小恶魔的灵魂。\n\n参考龙的模样制成的古老小恶魔灵魂。\n那张大嘴是大炮口，能从后方发射炮弹。
2210009	寄宿着灵魂的骨灰。\n能召唤大嘴小恶魔的灵魂。\n\n参考龙的模样制成的古老小恶魔灵魂。\n那张大嘴是大炮口，能从后方发射炮弹。
2210010	寄宿着灵魂的骨灰。\n能召唤大嘴小恶魔的灵魂。\n\n参考龙的模样制成的古老小恶魔灵魂。\n那张大嘴是大炮口，能从后方发射炮弹。
2211000	寄宿着灵魂的骨灰。\n能召唤３只人形苍蝇的灵魂。\n\n其中２只会一边飞行，一边攻击敌人；\n剩下１只会从后方吐出毒性唾液。\n\n角人们在罹病之末，化成人形苍蝇。\n据说变形之后，才能从痛苦中解脱。
2211001	寄宿着灵魂的骨灰。\n能召唤３只人形苍蝇的灵魂。\n\n其中２只会一边飞行，一边攻击敌人；\n剩下１只会从后方吐出毒性唾液。\n\n角人们在罹病之末，化成人形苍蝇。\n据说变形之后，才能从痛苦中解脱。
2211002	寄宿着灵魂的骨灰。\n能召唤３只人形苍蝇的灵魂。\n\n其中２只会一边飞行，一边攻击敌人；\n剩下１只会从后方吐出毒性唾液。\n\n角人们在罹病之末，化成人形苍蝇。\n据说变形之后，才能从痛苦中解脱。
2211003	寄宿着灵魂的骨灰。\n能召唤３只人形苍蝇的灵魂。\n\n其中２只会一边飞行，一边攻击敌人；\n剩下１只会从后方吐出毒性唾液。\n\n角人们在罹病之末，化成人形苍蝇。\n据说变形之后，才能从痛苦中解脱。
2211004	寄宿着灵魂的骨灰。\n能召唤３只人形苍蝇的灵魂。\n\n其中２只会一边飞行，一边攻击敌人；\n剩下１只会从后方吐出毒性唾液。\n\n角人们在罹病之末，化成人形苍蝇。\n据说变形之后，才能从痛苦中解脱。
2211005	寄宿着灵魂的骨灰。\n能召唤３只人形苍蝇的灵魂。\n\n其中２只会一边飞行，一边攻击敌人；\n剩下１只会从后方吐出毒性唾液。\n\n角人们在罹病之末，化成人形苍蝇。\n据说变形之后，才能从痛苦中解脱。
2211006	寄宿着灵魂的骨灰。\n能召唤３只人形苍蝇的灵魂。\n\n其中２只会一边飞行，一边攻击敌人；\n剩下１只会从后方吐出毒性唾液。\n\n角人们在罹病之末，化成人形苍蝇。\n据说变形之后，才能从痛苦中解脱。
2211007	寄宿着灵魂的骨灰。\n能召唤３只人形苍蝇的灵魂。\n\n其中２只会一边飞行，一边攻击敌人；\n剩下１只会从后方吐出毒性唾液。\n\n角人们在罹病之末，化成人形苍蝇。\n据说变形之后，才能从痛苦中解脱。
2211008	寄宿着灵魂的骨灰。\n能召唤３只人形苍蝇的灵魂。\n\n其中２只会一边飞行，一边攻击敌人；\n剩下１只会从后方吐出毒性唾液。\n\n角人们在罹病之末，化成人形苍蝇。\n据说变形之后，才能从痛苦中解脱。
2211009	寄宿着灵魂的骨灰。\n能召唤３只人形苍蝇的灵魂。\n\n其中２只会一边飞行，一边攻击敌人；\n剩下１只会从后方吐出毒性唾液。\n\n角人们在罹病之末，化成人形苍蝇。\n据说变形之后，才能从痛苦中解脱。
2211010	寄宿着灵魂的骨灰。\n能召唤３只人形苍蝇的灵魂。\n\n其中２只会一边飞行，一边攻击敌人；\n剩下１只会从后方吐出毒性唾液。\n\n角人们在罹病之末，化成人形苍蝇。\n据说变形之后，才能从痛苦中解脱。
2212000	寄宿着灵魂的骨灰。\n能召唤“锻造魔像”泰乌尔的灵魂。\n\n稳如山的岩石魔像灵魂。\n拳头能像远攻道具一样射出。\n\n据说泰乌尔的体型最娇小，也最快停止运作。\n在停止运作后，成为了锻造的守护神。
2212001	寄宿着灵魂的骨灰。\n能召唤“锻造魔像”泰乌尔的灵魂。\n\n稳如山的岩石魔像灵魂。\n拳头能像远攻道具一样射出。\n\n据说泰乌尔的体型最娇小，也最快停止运作。\n在停止运作后，成为了锻造的守护神。
2212002	寄宿着灵魂的骨灰。\n能召唤“锻造魔像”泰乌尔的灵魂。\n\n稳如山的岩石魔像灵魂。\n拳头能像远攻道具一样射出。\n\n据说泰乌尔的体型最娇小，也最快停止运作。\n在停止运作后，成为了锻造的守护神。
2212003	寄宿着灵魂的骨灰。\n能召唤“锻造魔像”泰乌尔的灵魂。\n\n稳如山的岩石魔像灵魂。\n拳头能像远攻道具一样射出。\n\n据说泰乌尔的体型最娇小，也最快停止运作。\n在停止运作后，成为了锻造的守护神。
2212004	寄宿着灵魂的骨灰。\n能召唤“锻造魔像”泰乌尔的灵魂。\n\n稳如山的岩石魔像灵魂。\n拳头能像远攻道具一样射出。\n\n据说泰乌尔的体型最娇小，也最快停止运作。\n在停止运作后，成为了锻造的守护神。
2212005	寄宿着灵魂的骨灰。\n能召唤“锻造魔像”泰乌尔的灵魂。\n\n稳如山的岩石魔像灵魂。\n拳头能像远攻道具一样射出。\n\n据说泰乌尔的体型最娇小，也最快停止运作。\n在停止运作后，成为了锻造的守护神。
2212006	寄宿着灵魂的骨灰。\n能召唤“锻造魔像”泰乌尔的灵魂。\n\n稳如山的岩石魔像灵魂。\n拳头能像远攻道具一样射出。\n\n据说泰乌尔的体型最娇小，也最快停止运作。\n在停止运作后，成为了锻造的守护神。
2212007	寄宿着灵魂的骨灰。\n能召唤“锻造魔像”泰乌尔的灵魂。\n\n稳如山的岩石魔像灵魂。\n拳头能像远攻道具一样射出。\n\n据说泰乌尔的体型最娇小，也最快停止运作。\n在停止运作后，成为了锻造的守护神。
2212008	寄宿着灵魂的骨灰。\n能召唤“锻造魔像”泰乌尔的灵魂。\n\n稳如山的岩石魔像灵魂。\n拳头能像远攻道具一样射出。\n\n据说泰乌尔的体型最娇小，也最快停止运作。\n在停止运作后，成为了锻造的守护神。
2212009	寄宿着灵魂的骨灰。\n能召唤“锻造魔像”泰乌尔的灵魂。\n\n稳如山的岩石魔像灵魂。\n拳头能像远攻道具一样射出。\n\n据说泰乌尔的体型最娇小，也最快停止运作。\n在停止运作后，成为了锻造的守护神。
2212010	寄宿着灵魂的骨灰。\n能召唤“锻造魔像”泰乌尔的灵魂。\n\n稳如山的岩石魔像灵魂。\n拳头能像远攻道具一样射出。\n\n据说泰乌尔的体型最娇小，也最快停止运作。\n在停止运作后，成为了锻造的守护神。
2213000	寄宿着灵魂的骨灰。\n能召唤“神鸟战士”奥尼斯的灵魂。\n\n角战士的始祖──神鸟战士的灵魂。\n透过降神，获得双翼和羽毛的金色战士。\n\n据说奥尼斯驯服了神鸟，\n凭借着神鸟的翅膀飞向天空。\n在坠落地面后，成为神殿镇的守护神。
2213001	寄宿着灵魂的骨灰。\n能召唤“神鸟战士”奥尼斯的灵魂。\n\n角战士的始祖──神鸟战士的灵魂。\n透过降神，获得双翼和羽毛的金色战士。\n\n据说奥尼斯驯服了神鸟，\n凭借着神鸟的翅膀飞向天空。\n在坠落地面后，成为神殿镇的守护神。
2213002	寄宿着灵魂的骨灰。\n能召唤“神鸟战士”奥尼斯的灵魂。\n\n角战士的始祖──神鸟战士的灵魂。\n透过降神，获得双翼和羽毛的金色战士。\n\n据说奥尼斯驯服了神鸟，\n凭借着神鸟的翅膀飞向天空。\n在坠落地面后，成为神殿镇的守护神。
2213003	寄宿着灵魂的骨灰。\n能召唤“神鸟战士”奥尼斯的灵魂。\n\n角战士的始祖──神鸟战士的灵魂。\n透过降神，获得双翼和羽毛的金色战士。\n\n据说奥尼斯驯服了神鸟，\n凭借着神鸟的翅膀飞向天空。\n在坠落地面后，成为神殿镇的守护神。
2213004	寄宿着灵魂的骨灰。\n能召唤“神鸟战士”奥尼斯的灵魂。\n\n角战士的始祖──神鸟战士的灵魂。\n透过降神，获得双翼和羽毛的金色战士。\n\n据说奥尼斯驯服了神鸟，\n凭借着神鸟的翅膀飞向天空。\n在坠落地面后，成为神殿镇的守护神。
2213005	寄宿着灵魂的骨灰。\n能召唤“神鸟战士”奥尼斯的灵魂。\n\n角战士的始祖──神鸟战士的灵魂。\n透过降神，获得双翼和羽毛的金色战士。\n\n据说奥尼斯驯服了神鸟，\n凭借着神鸟的翅膀飞向天空。\n在坠落地面后，成为神殿镇的守护神。
2213006	寄宿着灵魂的骨灰。\n能召唤“神鸟战士”奥尼斯的灵魂。\n\n角战士的始祖──神鸟战士的灵魂。\n透过降神，获得双翼和羽毛的金色战士。\n\n据说奥尼斯驯服了神鸟，\n凭借着神鸟的翅膀飞向天空。\n在坠落地面后，成为神殿镇的守护神。
2213007	寄宿着灵魂的骨灰。\n能召唤“神鸟战士”奥尼斯的灵魂。\n\n角战士的始祖──神鸟战士的灵魂。\n透过降神，获得双翼和羽毛的金色战士。\n\n据说奥尼斯驯服了神鸟，\n凭借着神鸟的翅膀飞向天空。\n在坠落地面后，成为神殿镇的守护神。
2213008	寄宿着灵魂的骨灰。\n能召唤“神鸟战士”奥尼斯的灵魂。\n\n角战士的始祖──神鸟战士的灵魂。\n透过降神，获得双翼和羽毛的金色战士。\n\n据说奥尼斯驯服了神鸟，\n凭借着神鸟的翅膀飞向天空。\n在坠落地面后，成为神殿镇的守护神。
2213009	寄宿着灵魂的骨灰。\n能召唤“神鸟战士”奥尼斯的灵魂。\n\n角战士的始祖──神鸟战士的灵魂。\n透过降神，获得双翼和羽毛的金色战士。\n\n据说奥尼斯驯服了神鸟，\n凭借着神鸟的翅膀飞向天空。\n在坠落地面后，成为神殿镇的守护神。
2213010	寄宿着灵魂的骨灰。\n能召唤“神鸟战士”奥尼斯的灵魂。\n\n角战士的始祖──神鸟战士的灵魂。\n透过降神，获得双翼和羽毛的金色战士。\n\n据说奥尼斯驯服了神鸟，\n凭借着神鸟的翅膀飞向天空。\n在坠落地面后，成为神殿镇的守护神。
2214000	寄宿着灵魂的骨灰。\n能召唤角战士的灵魂。\n\n塔的守护者，重装战士的灵魂。\n透过降神，获得过人的力气；\n能挥动大曲剑，于剑身执行角降临。\n\n塔的战士以及他们的武器，\n都是依附的容器。
2214001	寄宿着灵魂的骨灰。\n能召唤角战士的灵魂。\n\n塔的守护者，重装战士的灵魂。\n透过降神，获得过人的力气；\n能挥动大曲剑，于剑身执行角降临。\n\n塔的战士以及他们的武器，\n都是依附的容器。
2214002	寄宿着灵魂的骨灰。\n能召唤角战士的灵魂。\n\n塔的守护者，重装战士的灵魂。\n透过降神，获得过人的力气；\n能挥动大曲剑，于剑身执行角降临。\n\n塔的战士以及他们的武器，\n都是依附的容器。
2214003	寄宿着灵魂的骨灰。\n能召唤角战士的灵魂。\n\n塔的守护者，重装战士的灵魂。\n透过降神，获得过人的力气；\n能挥动大曲剑，于剑身执行角降临。\n\n塔的战士以及他们的武器，\n都是依附的容器。
2214004	寄宿着灵魂的骨灰。\n能召唤角战士的灵魂。\n\n塔的守护者，重装战士的灵魂。\n透过降神，获得过人的力气；\n能挥动大曲剑，于剑身执行角降临。\n\n塔的战士以及他们的武器，\n都是依附的容器。
2214005	寄宿着灵魂的骨灰。\n能召唤角战士的灵魂。\n\n塔的守护者，重装战士的灵魂。\n透过降神，获得过人的力气；\n能挥动大曲剑，于剑身执行角降临。\n\n塔的战士以及他们的武器，\n都是依附的容器。
2214006	寄宿着灵魂的骨灰。\n能召唤角战士的灵魂。\n\n塔的守护者，重装战士的灵魂。\n透过降神，获得过人的力气；\n能挥动大曲剑，于剑身执行角降临。\n\n塔的战士以及他们的武器，\n都是依附的容器。
2214007	寄宿着灵魂的骨灰。\n能召唤角战士的灵魂。\n\n塔的守护者，重装战士的灵魂。\n透过降神，获得过人的力气；\n能挥动大曲剑，于剑身执行角降临。\n\n塔的战士以及他们的武器，\n都是依附的容器。
2214008	寄宿着灵魂的骨灰。\n能召唤角战士的灵魂。\n\n塔的守护者，重装战士的灵魂。\n透过降神，获得过人的力气；\n能挥动大曲剑，于剑身执行角降临。\n\n塔的战士以及他们的武器，\n都是依附的容器。
2214009	寄宿着灵魂的骨灰。\n能召唤角战士的灵魂。\n\n塔的守护者，重装战士的灵魂。\n透过降神，获得过人的力气；\n能挥动大曲剑，于剑身执行角降临。\n\n塔的战士以及他们的武器，\n都是依附的容器。
2214010	寄宿着灵魂的骨灰。\n能召唤角战士的灵魂。\n\n塔的守护者，重装战士的灵魂。\n透过降神，获得过人的力气；\n能挥动大曲剑，于剑身执行角降临。\n\n塔的战士以及他们的武器，\n都是依附的容器。
2215000	寄宿着灵魂的骨灰。\n能召唤“古龙”芙柔桑克斯的灵魂。\n\n为了侍奉新王，自愿化成灵魂的存在。\n\n能透过自身的龙雷，让自己与周围我方人物，\n提升包含物理的所有减伤率。\n此外，在花岩槌的龙雷命中敌人时，\n能降低对方的雷属性减伤率。\n\n在过去，她为求龙飨传播，得到了人形；\n而如今，她也得到了人心。
2215001	寄宿着灵魂的骨灰。\n能召唤“古龙”芙柔桑克斯的灵魂。\n\n为了侍奉新王，自愿化成灵魂的存在。\n\n能透过自身的龙雷，让自己与周围我方人物，\n提升包含物理的所有减伤率。\n此外，在花岩槌的龙雷命中敌人时，\n能降低对方的雷属性减伤率。\n\n在过去，她为求龙飨传播，得到了人形；\n而如今，她也得到了人心。
2215002	寄宿着灵魂的骨灰。\n能召唤“古龙”芙柔桑克斯的灵魂。\n\n为了侍奉新王，自愿化成灵魂的存在。\n\n能透过自身的龙雷，让自己与周围我方人物，\n提升包含物理的所有减伤率。\n此外，在花岩槌的龙雷命中敌人时，\n能降低对方的雷属性减伤率。\n\n在过去，她为求龙飨传播，得到了人形；\n而如今，她也得到了人心。
2215003	寄宿着灵魂的骨灰。\n能召唤“古龙”芙柔桑克斯的灵魂。\n\n为了侍奉新王，自愿化成灵魂的存在。\n\n能透过自身的龙雷，让自己与周围我方人物，\n提升包含物理的所有减伤率。\n此外，在花岩槌的龙雷命中敌人时，\n能降低对方的雷属性减伤率。\n\n在过去，她为求龙飨传播，得到了人形；\n而如今，她也得到了人心。
2215004	寄宿着灵魂的骨灰。\n能召唤“古龙”芙柔桑克斯的灵魂。\n\n为了侍奉新王，自愿化成灵魂的存在。\n\n能透过自身的龙雷，让自己与周围我方人物，\n提升包含物理的所有减伤率。\n此外，在花岩槌的龙雷命中敌人时，\n能降低对方的雷属性减伤率。\n\n在过去，她为求龙飨传播，得到了人形；\n而如今，她也得到了人心。
2215005	寄宿着灵魂的骨灰。\n能召唤“古龙”芙柔桑克斯的灵魂。\n\n为了侍奉新王，自愿化成灵魂的存在。\n\n能透过自身的龙雷，让自己与周围我方人物，\n提升包含物理的所有减伤率。\n此外，在花岩槌的龙雷命中敌人时，\n能降低对方的雷属性减伤率。\n\n在过去，她为求龙飨传播，得到了人形；\n而如今，她也得到了人心。
2215006	寄宿着灵魂的骨灰。\n能召唤“古龙”芙柔桑克斯的灵魂。\n\n为了侍奉新王，自愿化成灵魂的存在。\n\n能透过自身的龙雷，让自己与周围我方人物，\n提升包含物理的所有减伤率。\n此外，在花岩槌的龙雷命中敌人时，\n能降低对方的雷属性减伤率。\n\n在过去，她为求龙飨传播，得到了人形；\n而如今，她也得到了人心。
2215007	寄宿着灵魂的骨灰。\n能召唤“古龙”芙柔桑克斯的灵魂。\n\n为了侍奉新王，自愿化成灵魂的存在。\n\n能透过自身的龙雷，让自己与周围我方人物，\n提升包含物理的所有减伤率。\n此外，在花岩槌的龙雷命中敌人时，\n能降低对方的雷属性减伤率。\n\n在过去，她为求龙飨传播，得到了人形；\n而如今，她也得到了人心。
2215008	寄宿着灵魂的骨灰。\n能召唤“古龙”芙柔桑克斯的灵魂。\n\n为了侍奉新王，自愿化成灵魂的存在。\n\n能透过自身的龙雷，让自己与周围我方人物，\n提升包含物理的所有减伤率。\n此外，在花岩槌的龙雷命中敌人时，\n能降低对方的雷属性减伤率。\n\n在过去，她为求龙飨传播，得到了人形；\n而如今，她也得到了人心。
2215009	寄宿着灵魂的骨灰。\n能召唤“古龙”芙柔桑克斯的灵魂。\n\n为了侍奉新王，自愿化成灵魂的存在。\n\n能透过自身的龙雷，让自己与周围我方人物，\n提升包含物理的所有减伤率。\n此外，在花岩槌的龙雷命中敌人时，\n能降低对方的雷属性减伤率。\n\n在过去，她为求龙飨传播，得到了人形；\n而如今，她也得到了人心。
2215010	寄宿着灵魂的骨灰。\n能召唤“古龙”芙柔桑克斯的灵魂。\n\n为了侍奉新王，自愿化成灵魂的存在。\n\n能透过自身的龙雷，让自己与周围我方人物，\n提升包含物理的所有减伤率。\n此外，在花岩槌的龙雷命中敌人时，\n能降低对方的雷属性减伤率。\n\n在过去，她为求龙飨传播，得到了人形；\n而如今，她也得到了人心。
2217000	寄宿着灵魂的骨灰。\n能召唤指虫的灵魂。\n\n尚还年幼，体型娇小的指虫灵魂。\n对召唤者抱有孺慕之情，会帮忙恢复血量。\n可能还是很粘母亲的年纪。
2217001	寄宿着灵魂的骨灰。\n能召唤指虫的灵魂。\n\n尚还年幼，体型娇小的指虫灵魂。\n对召唤者抱有孺慕之情，会帮忙恢复血量。\n可能还是很粘母亲的年纪。
2217002	寄宿着灵魂的骨灰。\n能召唤指虫的灵魂。\n\n尚还年幼，体型娇小的指虫灵魂。\n对召唤者抱有孺慕之情，会帮忙恢复血量。\n可能还是很粘母亲的年纪。
2217003	寄宿着灵魂的骨灰。\n能召唤指虫的灵魂。\n\n尚还年幼，体型娇小的指虫灵魂。\n对召唤者抱有孺慕之情，会帮忙恢复血量。\n可能还是很粘母亲的年纪。
2217004	寄宿着灵魂的骨灰。\n能召唤指虫的灵魂。\n\n尚还年幼，体型娇小的指虫灵魂。\n对召唤者抱有孺慕之情，会帮忙恢复血量。\n可能还是很粘母亲的年纪。
2217005	寄宿着灵魂的骨灰。\n能召唤指虫的灵魂。\n\n尚还年幼，体型娇小的指虫灵魂。\n对召唤者抱有孺慕之情，会帮忙恢复血量。\n可能还是很粘母亲的年纪。
2217006	寄宿着灵魂的骨灰。\n能召唤指虫的灵魂。\n\n尚还年幼，体型娇小的指虫灵魂。\n对召唤者抱有孺慕之情，会帮忙恢复血量。\n可能还是很粘母亲的年纪。
2217007	寄宿着灵魂的骨灰。\n能召唤指虫的灵魂。\n\n尚还年幼，体型娇小的指虫灵魂。\n对召唤者抱有孺慕之情，会帮忙恢复血量。\n可能还是很粘母亲的年纪。
2217008	寄宿着灵魂的骨灰。\n能召唤指虫的灵魂。\n\n尚还年幼，体型娇小的指虫灵魂。\n对召唤者抱有孺慕之情，会帮忙恢复血量。\n可能还是很粘母亲的年纪。
2217009	寄宿着灵魂的骨灰。\n能召唤指虫的灵魂。\n\n尚还年幼，体型娇小的指虫灵魂。\n对召唤者抱有孺慕之情，会帮忙恢复血量。\n可能还是很粘母亲的年纪。
2217010	寄宿着灵魂的骨灰。\n能召唤指虫的灵魂。\n\n尚还年幼，体型娇小的指虫灵魂。\n对召唤者抱有孺慕之情，会帮忙恢复血量。\n可能还是很粘母亲的年纪。
2218000	寄宿着灵魂的骨灰。\n能召唤“火焰骑士”昆兰的灵魂。\n在召唤后会立刻投入战斗。\n\n接受了赐福覆眼膜，心得以平静的骑士灵魂。\n能挥舞外型似矛的大剑，用火焰穿刺敌人──\n“让污秽的一切，永久远离吾等之母玛莉卡。”\n\n即使只有片刻效果，那赐福还是带给了他救赎；\n只是在那救赎背后，等着他的是无止尽的战斗。
2218001	寄宿着灵魂的骨灰。\n能召唤“火焰骑士”昆兰的灵魂。\n在召唤后会立刻投入战斗。\n\n接受了赐福覆眼膜，心得以平静的骑士灵魂。\n能挥舞外型似矛的大剑，用火焰穿刺敌人──\n“让污秽的一切，永久远离吾等之母玛莉卡。”\n\n即使只有片刻效果，那赐福还是带给了他救赎；\n只是在那救赎背后，等着他的是无止尽的战斗。
2218002	寄宿着灵魂的骨灰。\n能召唤“火焰骑士”昆兰的灵魂。\n在召唤后会立刻投入战斗。\n\n接受了赐福覆眼膜，心得以平静的骑士灵魂。\n能挥舞外型似矛的大剑，用火焰穿刺敌人──\n“让污秽的一切，永久远离吾等之母玛莉卡。”\n\n即使只有片刻效果，那赐福还是带给了他救赎；\n只是在那救赎背后，等着他的是无止尽的战斗。
2218003	寄宿着灵魂的骨灰。\n能召唤“火焰骑士”昆兰的灵魂。\n在召唤后会立刻投入战斗。\n\n接受了赐福覆眼膜，心得以平静的骑士灵魂。\n能挥舞外型似矛的大剑，用火焰穿刺敌人──\n“让污秽的一切，永久远离吾等之母玛莉卡。”\n\n即使只有片刻效果，那赐福还是带给了他救赎；\n只是在那救赎背后，等着他的是无止尽的战斗。
2218004	寄宿着灵魂的骨灰。\n能召唤“火焰骑士”昆兰的灵魂。\n在召唤后会立刻投入战斗。\n\n接受了赐福覆眼膜，心得以平静的骑士灵魂。\n能挥舞外型似矛的大剑，用火焰穿刺敌人──\n“让污秽的一切，永久远离吾等之母玛莉卡。”\n\n即使只有片刻效果，那赐福还是带给了他救赎；\n只是在那救赎背后，等着他的是无止尽的战斗。
2218005	寄宿着灵魂的骨灰。\n能召唤“火焰骑士”昆兰的灵魂。\n在召唤后会立刻投入战斗。\n\n接受了赐福覆眼膜，心得以平静的骑士灵魂。\n能挥舞外型似矛的大剑，用火焰穿刺敌人──\n“让污秽的一切，永久远离吾等之母玛莉卡。”\n\n即使只有片刻效果，那赐福还是带给了他救赎；\n只是在那救赎背后，等着他的是无止尽的战斗。
2218006	寄宿着灵魂的骨灰。\n能召唤“火焰骑士”昆兰的灵魂。\n在召唤后会立刻投入战斗。\n\n接受了赐福覆眼膜，心得以平静的骑士灵魂。\n能挥舞外型似矛的大剑，用火焰穿刺敌人──\n“让污秽的一切，永久远离吾等之母玛莉卡。”\n\n即使只有片刻效果，那赐福还是带给了他救赎；\n只是在那救赎背后，等着他的是无止尽的战斗。
2218007	寄宿着灵魂的骨灰。\n能召唤“火焰骑士”昆兰的灵魂。\n在召唤后会立刻投入战斗。\n\n接受了赐福覆眼膜，心得以平静的骑士灵魂。\n能挥舞外型似矛的大剑，用火焰穿刺敌人──\n“让污秽的一切，永久远离吾等之母玛莉卡。”\n\n即使只有片刻效果，那赐福还是带给了他救赎；\n只是在那救赎背后，等着他的是无止尽的战斗。
2218008	寄宿着灵魂的骨灰。\n能召唤“火焰骑士”昆兰的灵魂。\n在召唤后会立刻投入战斗。\n\n接受了赐福覆眼膜，心得以平静的骑士灵魂。\n能挥舞外型似矛的大剑，用火焰穿刺敌人──\n“让污秽的一切，永久远离吾等之母玛莉卡。”\n\n即使只有片刻效果，那赐福还是带给了他救赎；\n只是在那救赎背后，等着他的是无止尽的战斗。
2218009	寄宿着灵魂的骨灰。\n能召唤“火焰骑士”昆兰的灵魂。\n在召唤后会立刻投入战斗。\n\n接受了赐福覆眼膜，心得以平静的骑士灵魂。\n能挥舞外型似矛的大剑，用火焰穿刺敌人──\n“让污秽的一切，永久远离吾等之母玛莉卡。”\n\n即使只有片刻效果，那赐福还是带给了他救赎；\n只是在那救赎背后，等着他的是无止尽的战斗。
2218010	寄宿着灵魂的骨灰。\n能召唤“火焰骑士”昆兰的灵魂。\n在召唤后会立刻投入战斗。\n\n接受了赐福覆眼膜，心得以平静的骑士灵魂。\n能挥舞外型似矛的大剑，用火焰穿刺敌人──\n“让污秽的一切，永久远离吾等之母玛莉卡。”\n\n即使只有片刻效果，那赐福还是带给了他救赎；\n只是在那救赎背后，等着他的是无止尽的战斗。
2219000	寄宿着灵魂的骨灰。\n能召唤“黑夜剑士”约兰的灵魂。\n\n接受了赐福覆眼膜，得到光芒的剑士灵魂。\n能挥舞暗黑刀，突破敌人的防御。\n\n那道光芒不是来自期盼的星光，\n但确实照亮了她的黑夜。\n\n只是那光芒有时太过明亮，快让黑夜为之消失。
2219001	寄宿着灵魂的骨灰。\n能召唤“黑夜剑士”约兰的灵魂。\n\n接受了赐福覆眼膜，得到光芒的剑士灵魂。\n能挥舞暗黑刀，突破敌人的防御。\n\n那道光芒不是来自期盼的星光，\n但确实照亮了她的黑夜。\n\n只是那光芒有时太过明亮，快让黑夜为之消失。
2219002	寄宿着灵魂的骨灰。\n能召唤“黑夜剑士”约兰的灵魂。\n\n接受了赐福覆眼膜，得到光芒的剑士灵魂。\n能挥舞暗黑刀，突破敌人的防御。\n\n那道光芒不是来自期盼的星光，\n但确实照亮了她的黑夜。\n\n只是那光芒有时太过明亮，快让黑夜为之消失。
2219003	寄宿着灵魂的骨灰。\n能召唤“黑夜剑士”约兰的灵魂。\n\n接受了赐福覆眼膜，得到光芒的剑士灵魂。\n能挥舞暗黑刀，突破敌人的防御。\n\n那道光芒不是来自期盼的星光，\n但确实照亮了她的黑夜。\n\n只是那光芒有时太过明亮，快让黑夜为之消失。
2219004	寄宿着灵魂的骨灰。\n能召唤“黑夜剑士”约兰的灵魂。\n\n接受了赐福覆眼膜，得到光芒的剑士灵魂。\n能挥舞暗黑刀，突破敌人的防御。\n\n那道光芒不是来自期盼的星光，\n但确实照亮了她的黑夜。\n\n只是那光芒有时太过明亮，快让黑夜为之消失。
2219005	寄宿着灵魂的骨灰。\n能召唤“黑夜剑士”约兰的灵魂。\n\n接受了赐福覆眼膜，得到光芒的剑士灵魂。\n能挥舞暗黑刀，突破敌人的防御。\n\n那道光芒不是来自期盼的星光，\n但确实照亮了她的黑夜。\n\n只是那光芒有时太过明亮，快让黑夜为之消失。
2219006	寄宿着灵魂的骨灰。\n能召唤“黑夜剑士”约兰的灵魂。\n\n接受了赐福覆眼膜，得到光芒的剑士灵魂。\n能挥舞暗黑刀，突破敌人的防御。\n\n那道光芒不是来自期盼的星光，\n但确实照亮了她的黑夜。\n\n只是那光芒有时太过明亮，快让黑夜为之消失。
2219007	寄宿着灵魂的骨灰。\n能召唤“黑夜剑士”约兰的灵魂。\n\n接受了赐福覆眼膜，得到光芒的剑士灵魂。\n能挥舞暗黑刀，突破敌人的防御。\n\n那道光芒不是来自期盼的星光，\n但确实照亮了她的黑夜。\n\n只是那光芒有时太过明亮，快让黑夜为之消失。
2219008	寄宿着灵魂的骨灰。\n能召唤“黑夜剑士”约兰的灵魂。\n\n接受了赐福覆眼膜，得到光芒的剑士灵魂。\n能挥舞暗黑刀，突破敌人的防御。\n\n那道光芒不是来自期盼的星光，\n但确实照亮了她的黑夜。\n\n只是那光芒有时太过明亮，快让黑夜为之消失。
2219009	寄宿着灵魂的骨灰。\n能召唤“黑夜剑士”约兰的灵魂。\n\n接受了赐福覆眼膜，得到光芒的剑士灵魂。\n能挥舞暗黑刀，突破敌人的防御。\n\n那道光芒不是来自期盼的星光，\n但确实照亮了她的黑夜。\n\n只是那光芒有时太过明亮，快让黑夜为之消失。
2219010	寄宿着灵魂的骨灰。\n能召唤“黑夜剑士”约兰的灵魂。\n\n接受了赐福覆眼膜，得到光芒的剑士灵魂。\n能挥舞暗黑刀，突破敌人的防御。\n\n那道光芒不是来自期盼的星光，\n但确实照亮了她的黑夜。\n\n只是那光芒有时太过明亮，快让黑夜为之消失。
2220000	寄宿着灵魂的骨灰。\n能召唤约兰与安娜的灵魂。\n\n在放入尤弥尔的傀儡，安娜之后，\n有着两名黑夜剑士的灵魂。\n\n约兰的刀与安娜的钩爪──\n两者皆具备暗黑特质，能突破敌人的防御。\n\n她们诞生自黑暗、冰冷的监牢，\n被夺去了光芒，培养成黑夜剑士；\n最后她们化为令人畏惧的利刃，\n但她们的心，却也因此变得脆弱。
2220001	寄宿着灵魂的骨灰。\n能召唤约兰与安娜的灵魂。\n\n在放入尤弥尔的傀儡，安娜之后，\n有着两名黑夜剑士的灵魂。\n\n约兰的刀与安娜的钩爪──\n两者皆具备暗黑特质，能突破敌人的防御。\n\n她们诞生自黑暗、冰冷的监牢，\n被夺去了光芒，培养成黑夜剑士；\n最后她们化为令人畏惧的利刃，\n但她们的心，却也因此变得脆弱。
2220002	寄宿着灵魂的骨灰。\n能召唤约兰与安娜的灵魂。\n\n在放入尤弥尔的傀儡，安娜之后，\n有着两名黑夜剑士的灵魂。\n\n约兰的刀与安娜的钩爪──\n两者皆具备暗黑特质，能突破敌人的防御。\n\n她们诞生自黑暗、冰冷的监牢，\n被夺去了光芒，培养成黑夜剑士；\n最后她们化为令人畏惧的利刃，\n但她们的心，却也因此变得脆弱。
2220003	寄宿着灵魂的骨灰。\n能召唤约兰与安娜的灵魂。\n\n在放入尤弥尔的傀儡，安娜之后，\n有着两名黑夜剑士的灵魂。\n\n约兰的刀与安娜的钩爪──\n两者皆具备暗黑特质，能突破敌人的防御。\n\n她们诞生自黑暗、冰冷的监牢，\n被夺去了光芒，培养成黑夜剑士；\n最后她们化为令人畏惧的利刃，\n但她们的心，却也因此变得脆弱。
2220004	寄宿着灵魂的骨灰。\n能召唤约兰与安娜的灵魂。\n\n在放入尤弥尔的傀儡，安娜之后，\n有着两名黑夜剑士的灵魂。\n\n约兰的刀与安娜的钩爪──\n两者皆具备暗黑特质，能突破敌人的防御。\n\n她们诞生自黑暗、冰冷的监牢，\n被夺去了光芒，培养成黑夜剑士；\n最后她们化为令人畏惧的利刃，\n但她们的心，却也因此变得脆弱。
2220005	寄宿着灵魂的骨灰。\n能召唤约兰与安娜的灵魂。\n\n在放入尤弥尔的傀儡，安娜之后，\n有着两名黑夜剑士的灵魂。\n\n约兰的刀与安娜的钩爪──\n两者皆具备暗黑特质，能突破敌人的防御。\n\n她们诞生自黑暗、冰冷的监牢，\n被夺去了光芒，培养成黑夜剑士；\n最后她们化为令人畏惧的利刃，\n但她们的心，却也因此变得脆弱。
2220006	寄宿着灵魂的骨灰。\n能召唤约兰与安娜的灵魂。\n\n在放入尤弥尔的傀儡，安娜之后，\n有着两名黑夜剑士的灵魂。\n\n约兰的刀与安娜的钩爪──\n两者皆具备暗黑特质，能突破敌人的防御。\n\n她们诞生自黑暗、冰冷的监牢，\n被夺去了光芒，培养成黑夜剑士；\n最后她们化为令人畏惧的利刃，\n但她们的心，却也因此变得脆弱。
2220007	寄宿着灵魂的骨灰。\n能召唤约兰与安娜的灵魂。\n\n在放入尤弥尔的傀儡，安娜之后，\n有着两名黑夜剑士的灵魂。\n\n约兰的刀与安娜的钩爪──\n两者皆具备暗黑特质，能突破敌人的防御。\n\n她们诞生自黑暗、冰冷的监牢，\n被夺去了光芒，培养成黑夜剑士；\n最后她们化为令人畏惧的利刃，\n但她们的心，却也因此变得脆弱。
2220008	寄宿着灵魂的骨灰。\n能召唤约兰与安娜的灵魂。\n\n在放入尤弥尔的傀儡，安娜之后，\n有着两名黑夜剑士的灵魂。\n\n约兰的刀与安娜的钩爪──\n两者皆具备暗黑特质，能突破敌人的防御。\n\n她们诞生自黑暗、冰冷的监牢，\n被夺去了光芒，培养成黑夜剑士；\n最后她们化为令人畏惧的利刃，\n但她们的心，却也因此变得脆弱。
2220009	寄宿着灵魂的骨灰。\n能召唤约兰与安娜的灵魂。\n\n在放入尤弥尔的傀儡，安娜之后，\n有着两名黑夜剑士的灵魂。\n\n约兰的刀与安娜的钩爪──\n两者皆具备暗黑特质，能突破敌人的防御。\n\n她们诞生自黑暗、冰冷的监牢，\n被夺去了光芒，培养成黑夜剑士；\n最后她们化为令人畏惧的利刃，\n但她们的心，却也因此变得脆弱。
2220010	寄宿着灵魂的骨灰。\n能召唤约兰与安娜的灵魂。\n\n在放入尤弥尔的傀儡，安娜之后，\n有着两名黑夜剑士的灵魂。\n\n约兰的刀与安娜的钩爪──\n两者皆具备暗黑特质，能突破敌人的防御。\n\n她们诞生自黑暗、冰冷的监牢，\n被夺去了光芒，培养成黑夜剑士；\n最后她们化为令人畏惧的利刃，\n但她们的心，却也因此变得脆弱。
