2120000	要召唤这名协助者吗？
2120100	要召唤这名敌对者吗？
2120200	受到入侵时，将自动发出请求，\n召唤其他世界的猎人。
2120201	已撤回召唤猎人的请求。
2120202	
2120203	
2120204	
2120205	
2120206	
2120207	
2120208	
2120209	
2120210	当其他世界的人想召唤猎人时，\n能回应要求，接受召唤。
2120211	已撤回接受召唤的承诺。
2121000	要抹除这个召唤记号吗？
2200000	您写下的召唤记号已消失。
2200200	已取消入侵其他世界。
2200300	指药的效用已消失。
2210000	召唤记号建立失败。
2300000	正在召唤协助者。
2300001	
2300002	
2300003	
2300004	
2300005	
2300006	
2300007	
2300008	
2300009	
2300010	正在召唤协助者。
2300100	正在召唤敌对者。
2301000	正在接受其他世界的召唤。
2301100	正在接受其他世界的召唤。
2301200	正在入侵其他世界。
2301201	
2301202	
2301203	
2301204	
2301205	
2301206	
2301207	
2301208	
2301209	
2301210	正在入侵其他世界。
2301304	正在接受其他世界的召唤。
2302000	正在召唤其他协助者。
2302001	
2302002	
2302003	
2302004	
2302005	
2302006	
2302007	
2302008	
2302009	
2302010	正在召唤其他协助者。
2302100	正在召唤其他敌对者。
2311000	作为协助者，接受其他世界的召唤。
2311100	作为敌对者，接受其他世界的召唤。
2311200	作为入侵者，入侵其他世界。
2311201	
2311202	
2311203	
2311204	
2311205	
2311206	
2311207	
2311208	
2311209	
2311210	作为入侵者，入侵其他世界。
2311304	作为猎人，接受其他世界的召唤。
2311413	所有斗士已到齐。
2331200	正在寻找可入侵的世界。（范围仅限附近）
2331201	正在寻找可入侵的世界。（范围不分远近）
2331202	正在提出召唤崩指猎人的请求。
2331203	
2331204	
2331205	
2331206	
2331207	
2331208	
2331209	
2331210	正在寻找可入侵的世界。（范围仅限附近）
2331211	正在寻找可入侵的世界。（范围不分远近）
2331300	正在将协力记号送往记号聚集处。（范围仅限附近）
2331301	正在将敌对记号送往记号聚集处。（范围仅限附近）
2331302	
2331303	
2331304	
2331305	正在将协力记号送往记号聚集处。（范围不分远近）
2331306	正在将敌对记号送往记号聚集处。（范围不分远近）
2341413	请静待所有斗士到齐。\n（还剩<?matchRemainingCount?>位）
2351413	请静待所有斗士到齐。\n（还剩我方<?matchRemainingMyCount?>位、敌方<?matchRemainingEnemyCount?>位）
2410000	无法召唤协助者，\n因此不能进行联机。
2410100	无法召唤敌对者，\n因此不能进行联机。
2411000	无法接受召唤，\n因此不能进行联机。
2411100	无法接受召唤，\n因此不能进行联机。
2411200	无法入侵，\n因此不能进行联机。
2411201	
2411202	
2411203	
2411204	
2411205	
2411206	
2411207	
2411208	
2411209	
2411210	无法入侵，\n因此不能进行联机。
2411304	无法接受召唤，\n因此不能进行联机。
2450000	协助者在原本的世界死亡，\n因此无法进行召唤。
2450100	敌对者在原本的世界死亡，\n因此无法进行召唤。
2460000	一定时间内联机没有回应，\n因此无法召唤协助者。
2460100	一定时间内联机没有回应，\n因此无法召唤敌对者。
2461000	一定时间内联机没有回应，\n因此无法接受召唤。
2461100	一定时间内联机没有回应，\n因此无法接受召唤。
2461200	一定时间内联机没有回应，\n因此无法入侵。
2461201	
2461202	
2461203	
2461204	
2461205	
2461206	
2461207	
2461208	
2461209	
2461210	一定时间内联机没有回应，\n因此无法入侵。
2461304	一定时间内联机没有回应，\n因此无法接受召唤。
2490000	无法召唤协助者。
2490100	无法召唤敌对者。
2491000	无法接受召唤。
2491100	无法接受召唤。
2491200	无法入侵。
2491201	
2491202	
2491203	
2491204	
2491205	
2491206	
2491207	
2491208	
2491209	
2491210	无法入侵。
2491304	无法接受召唤。
2510000	联机失败，无法召唤协助者。
2510100	联机失败，无法召唤敌对者。
2521000	联机失败，无法接受召唤。
2521100	联机失败，无法接受召唤。
2521200	联机失败，无法入侵。
2521201	
2521202	
2521203	
2521204	
2521205	
2521206	
2521207	
2521208	
2521209	
2521210	联机失败，无法入侵。
2521304	联机失败，无法接受召唤。
2600000	已召唤协助者，勾指<?joinName?>。
2600001	
2600002	
2600003	
2600004	
2600005	
2600006	
2600007	
2600008	
2600009	
2600010	已召唤协助者<?joinName?>。
2600100	已召唤敌对者，斗士<?joinName?>。
2600200	被血指<?joinName?>入侵了！
2600201	
2600202	
2600203	
2600204	
2600205	
2600206	
2600207	
2600208	
2600209	
2600210	被叛律者<?joinName?>入侵了！
2600211	
2600212	
2600213	
2600214	
2600215	
2600216	
2600217	
2600218	
2600219	
2600220	被<?joinName?>入侵了！
2600221	
2600222	
2600223	
2600224	
2600225	
2600226	
2600227	
2600228	
2600229	
2600230	被<?joinName?>入侵了！
2600231	
2600232	
2600233	
2600234	
2600235	
2600236	
2600237	
2600238	
2600239	
2600240	被<?joinName?>入侵了！
2600304	已召唤猎人<?joinName?>。
2601000	作为协助者（勾指），\n受到勾指主人<?hostName?>的召唤。\n请协助打倒区域头目。
2601100	作为敌对者（斗士）接受召唤。\n请打倒勾指主人<?hostName?>。
2601200	已入侵其他世界。\n请打倒勾指主人<?hostName?>。
2601201	
2601202	
2601203	
2601204	
2601205	
2601206	
2601207	
2601208	
2601209	
2601210	已入侵其他世界。\n请打倒勾指主人<?hostName?>。
2601304	作为猎人，\n受召唤至勾指主人<?hostName?>的世界。\n请打倒血指<?joinName?>。
2601409	已接受其他世界的召唤。
2601410	已入侵其他世界。\n请打倒<?hostName?>。
2601411	已入侵其他世界。\n请打倒<?hostName?>。
2601412	已入侵其他世界。\n请打倒“白面具”梵雷。
2601413	已入侵其他世界。\n请打倒“古老骑士”伊修托邦。
2601414	已入侵其他世界。\n请打倒“黄昏将尽”莱利。
2601415	已入侵其他世界。\n请打倒“血言骑士”尤诺·霍斯劳。
2601416	已入侵其他世界。\n请打倒“白狼战鬼”巴格莱姆一行人。
2601417	已入侵其他世界。\n请打倒“大角”忒拉格斯。
2601418	已接受其他世界的召唤。\n请打倒“血指”鸦山的杀手。
2601419	已接受其他世界的召唤。\n请打倒 魔法师瑟濂。
2601420	已接受其他世界的召唤。\n请打倒“魔女猎人”杰廉。
2601421	已接受其他世界的召唤。\n请打倒 米莉森的姊妹。
2601422	已接受其他世界的召唤。\n请打倒 米莉森。
2601423	受到袭击了！\n请打倒“王骸”恩夏。
2601424	已入侵其他世界。\n请打倒“兽爪”玛格纳斯。
2602000	已召唤协助者，勾指<?joinName?>。
2602001	
2602002	
2602003	
2602004	
2602005	
2602006	
2602007	
2602008	
2602009	
2602010	已召唤协助者<?joinName?>。
2602100	已召唤敌对者，斗士<?joinName?>。
2602200	被血指<?joinName?>入侵了！
2602201	
2602202	
2602203	
2602204	
2602205	
2602206	
2602207	
2602208	
2602209	
2602210	被叛律者<?joinName?>入侵了！
2602211	
2602212	
2602213	
2602214	
2602215	
2602216	
2602217	
2602218	
2602219	
2602220	被<?joinName?>入侵了！
2602221	
2602222	
2602223	
2602224	
2602225	
2602226	
2602227	
2602228	
2602229	
2602230	被<?joinName?>入侵了！
2602231	
2602232	
2602233	
2602234	
2602235	
2602236	
2602237	
2602238	
2602239	
2602240	被<?joinName?>入侵了！
2602241	
2602242	
2602243	
2602244	
2602245	
2602246	
2602247	
2602248	
2602249	
2602250	血指<?joinName?>已入侵。
2602251	
2602252	
2602253	
2602254	
2602255	
2602256	
2602257	
2602258	
2602259	
2602260	叛律者<?joinName?>已入侵。
2602261	
2602262	
2602263	
2602264	
2602265	
2602266	
2602267	
2602268	
2602269	
2602270	<?joinName?>已入侵。
2602271	
2602272	
2602273	
2602274	
2602275	
2602276	
2602277	
2602278	
2602279	
2602280	<?joinName?>已入侵。
2602281	
2602282	
2602283	
2602284	
2602285	
2602286	
2602287	
2602288	
2602289	
2602290	<?joinName?>已入侵。
2602304	已召唤猎人<?joinName?>。
2602354	已召唤猎人<?joinName?>。
2610304	猎人<?leaveName?>达成目标，\n已返回原本的世界。
2611000	已达成目标，将返回原本的世界。
2611001	
2611002	
2611003	
2611004	
2611005	
2611006	
2611007	
2611008	
2611009	
2611010	勾指主人已在远方达成目标。\n将返回原本的世界。
2611100	已打倒勾指主人，将返回原本的世界。
2611200	已打倒勾指主人，将返回原本的世界。
2611201	
2611202	
2611203	
2611204	
2611205	
2611206	
2611207	
2611208	
2611209	
2611210	已打倒勾指主人，将返回原本的世界。
2611304	已打倒入侵者，将返回原本的世界。
2611409	已达成目标，将返回原本的世界。
2611410	已达成目标，将返回原本的世界。
2611411	已达成目标，将返回原本的世界。
2611412	已打倒“白面具”梵雷，\n将返回原本的世界。
2611413	已打倒“古老骑士”伊修托邦，\n将返回原本的世界。
2611414	已打倒“黄昏将尽”莱利，\n将返回原本的世界。
2611415	已打倒“血言骑士”尤诺·霍斯劳，\n将返回原本的世界。
2611416	已打倒“白狼战鬼”巴格莱姆一行人，\n将返回原本的世界。
2611417	已打倒“大角”忒拉格斯，\n将返回原本的世界。
2611418	已打倒“血指”鸦山的杀手，\n将返回原本的世界。
2611419	已打倒 魔法师瑟濂，\n将返回原本的世界。
2611420	已打倒“魔女猎人”杰廉，\n将返回原本的世界。
2611421	已打倒 米莉森的姊妹，\n将返回原本的世界。
2611422	已打倒 米莉森，\n将返回原本的世界。
2611423	已打倒“王骸”恩夏。
2611424	已打倒“兽爪”玛格纳斯，\n将返回原本的世界。
2612304	猎人<?leaveName?>达成目标，\n已返回原本的世界。
2620000	勾指<?deadName?>已死亡。
2620001	
2620002	
2620003	
2620004	
2620005	
2620006	
2620007	
2620008	
2620009	
2620010	<?deadName?>已死亡。
2620100	斗士<?deadName?>已死亡。
2620200	血指<?deadName?>已死亡。
2620201	
2620202	
2620203	
2620204	
2620205	
2620206	
2620207	
2620208	
2620209	
2620210	叛律者<?deadName?>已死亡。
2620211	
2620212	
2620213	
2620214	
2620215	
2620216	
2620217	
2620218	
2620219	
2620220	<?deadName?>已死亡。
2620221	
2620222	
2620223	
2620224	
2620225	
2620226	
2620227	
2620228	
2620229	
2620230	<?deadName?>已死亡。
2620231	
2620232	
2620233	
2620234	
2620235	
2620236	
2620237	
2620238	
2620239	
2620240	<?deadName?>已死亡。
2620304	猎人<?deadName?>已死亡。
2620430	<?roleName?> <?deadName?>已倒下。
2621000	您已死亡，将返回原本的世界。
2621100	您已死亡，将返回原本的世界。
2621200	您已死亡，将返回原本的世界。
2621201	
2621202	
2621203	
2621204	
2621205	
2621206	
2621207	
2621208	
2621209	
2621210	您已死亡，将返回原本的世界。
2621304	您已死亡，将返回原本的世界。
2621409	您已死亡，将返回原本的世界。
2621410	您已死亡，将返回原本的世界。
2621411	您已死亡，将返回原本的世界。
2621412	您已死亡，将返回原本的世界。
2621413	您已死亡，将返回原本的世界。
2621414	您已死亡，将返回原本的世界。
2621415	您已死亡，将返回原本的世界。
2621416	您已死亡，将返回原本的世界。
2621417	您已死亡，将返回原本的世界。
2621418	您已死亡，将返回原本的世界。
2621419	您已死亡，将返回原本的世界。
2621420	您已死亡，将返回原本的世界。
2621421	您已死亡，将返回原本的世界。
2621422	您已死亡，将返回原本的世界。
2621423	您已死亡。
2621424	您已死亡，将返回原本的世界。
2621425	
2621426	
2621427	
2621428	
2621429	
2621430	您已倒下。\n将复活，再次参战。
2622000	勾指<?deadName?>已死亡。
2622001	
2622002	
2622003	
2622004	
2622005	
2622006	
2622007	
2622008	
2622009	
2622010	<?deadName?>已死亡。
2622100	斗士<?deadName?>已死亡。
2622200	血指<?deadName?>已死亡。
2622201	
2622202	
2622203	
2622204	
2622205	
2622206	
2622207	
2622208	
2622209	
2622210	叛律者<?deadName?>已死亡。
2622211	
2622212	
2622213	
2622214	
2622215	
2622216	
2622217	
2622218	
2622219	
2622220	<?deadName?>已死亡。
2622221	
2622222	
2622223	
2622224	
2622225	
2622226	
2622227	
2622228	
2622229	
2622230	<?deadName?>已死亡。
2622231	
2622232	
2622233	
2622234	
2622235	
2622236	
2622237	
2622238	
2622239	
2622240	<?deadName?>已死亡。
2622304	猎人<?deadName?>已死亡。
2630000	勾指<?leaveName?>已返回原本的世界。
2630001	
2630002	
2630003	
2630004	
2630005	
2630006	
2630007	
2630008	
2630009	
2630010	<?leaveName?>已返回原本的世界。
2630100	斗士<?leaveName?>已返回原本的世界。
2630200	血指<?leaveName?>已返回原本的世界。
2630201	
2630202	
2630203	
2630204	
2630205	
2630206	
2630207	
2630208	
2630209	
2630210	叛律者<?leaveName?>已返回原本的世界。
2630211	
2630212	
2630213	
2630214	
2630215	
2630216	
2630217	
2630218	
2630219	
2630220	<?leaveName?>已返回原本的世界。
2630221	
2630222	
2630223	
2630224	
2630225	
2630226	
2630227	
2630228	
2630229	
2630230	<?leaveName?>已返回原本的世界。
2630231	
2630232	
2630233	
2630234	
2630235	
2630236	
2630237	
2630238	
2630239	
2630240	<?leaveName?>已返回原本的世界。
2630304	猎人<?leaveName?>已返回原本的世界。
2631000	将返回原本的世界。
2631100	将返回原本的世界。
2631200	将返回原本的世界。
2631201	
2631202	
2631203	
2631204	
2631205	
2631206	
2631207	
2631208	
2631209	
2631210	将返回原本的世界。
2631304	将返回原本的世界。
2631409	将返回原本的世界。
2631410	将返回原本的世界。
2631411	将返回原本的世界。
2631412	将返回原本的世界。
2631413	将返回原本的世界。
2631414	将返回原本的世界。
2631415	将返回原本的世界。
2631416	将返回原本的世界。
2631417	将返回原本的世界。
2631418	将返回原本的世界。
2631419	将返回原本的世界。
2631420	将返回原本的世界。
2631421	将返回原本的世界。
2631422	将返回原本的世界。
2631423	
2631424	将返回原本的世界。
2632000	勾指<?leaveName?>已返回原本的世界。
2632001	
2632002	
2632003	
2632004	
2632005	
2632006	
2632007	
2632008	
2632009	
2632010	<?leaveName?>已返回原本的世界。
2632100	斗士<?leaveName?>已返回原本的世界。
2632200	血指<?leaveName?>已返回原本的世界。
2632201	
2632202	
2632203	
2632204	
2632205	
2632206	
2632207	
2632208	
2632209	
2632210	叛律者<?leaveName?>已返回原本的世界。
2632211	
2632212	
2632213	
2632214	
2632215	
2632216	
2632217	
2632218	
2632219	
2632220	<?leaveName?>已返回原本的世界。
2632221	
2632222	
2632223	
2632224	
2632225	
2632226	
2632227	
2632228	
2632229	
2632230	<?leaveName?>已返回原本的世界。
2632231	
2632232	
2632233	
2632234	
2632235	
2632236	
2632237	
2632238	
2632239	
2632240	<?leaveName?>已返回原本的世界。
2632304	猎人<?leaveName?>已返回原本的世界。
2640000	已将勾指<?leaveName?>遣返至原本的世界。
2640001	
2640002	
2640003	
2640004	
2640005	
2640006	
2640007	
2640008	
2640009	
2640010	已将<?leaveName?>遣返至原本的世界。
2640304	已将猎人<?leaveName?>遣返至原本的世界。
2640305	已将斗士<?leaveName?>遣返至原本的世界。
2641000	受勾指主人遣返，将返回原本的世界。
2641304	受勾指主人遣返，将返回原本的世界。
2641305	受勾指主人遣返，将返回原本的世界。
2642000	勾指<?leaveName?>已被遣返至原本的世界。
2642001	
2642002	
2642003	
2642004	
2642005	
2642006	
2642007	
2642008	
2642009	
2642010	<?leaveName?>已被遣返至原本的世界。
2642304	猎人<?leaveName?>已被遣返至原本的世界。
2642305	斗士<?leaveName?>已被遣返至原本的世界。
2650430	您已倒下。\n将复活，再次参战。
2651000	勾指主人已死亡，将返回原本的世界。
2651304	勾指主人已死亡，将返回原本的世界。
2651420	魔法师瑟濂 已死亡，将返回原本的世界。
2651421	米莉森 已死亡，将返回原本的世界。
2651422	
2651423	
2651424	
2651425	
2651426	
2651427	
2651428	
2651429	
2651430	<?roleName?><?deadName?>已倒下。
2661000	已能挑战区域头目。
2661100	勾指主人已和区域头目展开战斗，\n将返回原本的世界。
2661200	勾指主人已和区域头目展开战斗，\n将返回原本的世界。
2661201	
2661202	
2661203	
2661204	
2661205	勾指主人已和区域头目展开战斗，\n将返回原本的世界。
2661206	
2661207	
2661208	
2661209	
2661210	勾指主人已达成目标。\n将返回原本的世界。
2661211	
2661212	
2661213	
2661214	
2661215	
2661216	
2661217	
2661218	
2661219	
2661220	勾指主人已达成目标。\n将返回原本的世界。
2661221	
2661222	
2661223	
2661224	
2661225	勾指主人已达成目标。\n将返回原本的世界。
2661304	勾指主人已和区域头目展开战斗，\n将返回原本的世界。
2670304	猎人<?leaveName?>已返回原本的世界。
2672304	猎人<?leaveName?>已返回原本的世界。
2681100	勾指主人已经离开此区域，将返回原本的世界。
2700430	<?roleName?><?leaveName?>已退出竞技。
2701000	发生联机问题，将返回原本的世界。
2701100	发生联机问题，将返回原本的世界。
2701200	发生联机问题，将返回原本的世界。
2701201	
2701202	
2701203	
2701204	
2701205	
2701206	
2701207	
2701208	
2701209	
2701210	发生联机问题，将返回原本的世界。
2701304	发生联机问题，将返回原本的世界。
2701430	发生联机问题，将退出竞技。
2702430	<?roleName?><?leaveName?>已退出竞技。
2712200	已打倒血指<?deadName?>。\n目标达成，将返回原本的世界。
2712201	
2712202	
2712203	
2712204	
2712205	
2712206	
2712207	
2712208	
2712209	
2712210	已打倒叛律者<?deadName?>。\n目标达成，将返回原本的世界。
2712211	
2712212	
2712213	
2712214	
2712215	
2712216	
2712217	
2712218	
2712219	
2712220	已打倒<?deadName?>。\n目标达成，将返回原本的世界。
2712221	
2712222	
2712223	
2712224	
2712225	
2712226	
2712227	
2712228	
2712229	
2712230	已打倒<?deadName?>。\n目标达成，将返回原本的世界。
2712231	
2712232	
2712233	
2712234	
2712235	
2712236	
2712237	
2712238	
2712239	
2712240	已打倒<?deadName?>。\n目标达成，将返回原本的世界。
2722200	血指<?leaveName?>已返回原本的世界。\n将返回原本的世界。
2722201	
2722202	
2722203	
2722204	
2722205	
2722206	
2722207	
2722208	
2722209	
2722210	叛律者<?leaveName?>已返回原本的世界。\n将返回原本的世界。
2722211	
2722212	
2722213	
2722214	
2722215	
2722216	
2722217	
2722218	
2722219	
2722220	<?leaveName?>已返回原本的世界。\n将返回原本的世界。
2722221	
2722222	
2722223	
2722224	
2722225	
2722226	
2722227	
2722228	
2722229	
2722230	<?leaveName?>已返回原本的世界。\n将返回原本的世界。
2722231	
2722232	
2722233	
2722234	
2722235	
2722236	
2722237	
2722238	
2722239	
2722240	<?leaveName?>已返回原本的世界。\n将返回原本的世界。
2731430	已击倒<?roleName?><?deadName?>。
2741000	勾指主人已经离开此区域，将返回原本的世界。
2741100	勾指主人已经离开此区域，将返回原本的世界。
2741200	勾指主人已经离开此区域，将返回原本的世界。
2741201	
2741202	
2741203	
2741204	
2741205	
2741206	
2741207	
2741208	
2741209	
2741210	勾指主人已经离开此区域，将返回原本的世界。
2741304	勾指主人已经离开此区域，将返回原本的世界。
2751413	无法开始竞技，将退出竞技。
2760413	所有斗士已退出竞技，\n将退出竞技。
2920000	已离开多人联机游玩的活动范围，\n将自动移往范围之内。
3000000	您写下的讯息收到好评。
3000001	互联网联机错误，讯息建立失败。
3000100	已可使用此记号聚集处。
3000200	<?codenameIcon?><?codenamePCName?>打倒碎片君王了！
3000201	<?codenameIcon?>的群组中，有人打倒碎片君王了！
3000202	群组之中，有人成就了丰功伟业。
3000203	
3000204	
3000205	
3000206	
3000207	
3000208	
3000209	
3000210	<?codenameIcon?><?codenamePCName?>当上了艾尔登之王。
3000211	<?codenameIcon?>的群组中，有人当上了艾尔登之王。
3000212	
3000213	
3000214	
3000215	
3000216	
3000217	
3000218	
3000219	
3000220	<?codenameIcon?><?codenamePCName?>当上了艾尔登之王。
3000221	<?codenameIcon?>的群组中，有人当上了艾尔登之王。
3000222	
3000223	
3000224	
3000225	
3000226	
3000227	
3000228	
3000229	
3000230	<?codenameIcon?><?codenamePCName?>当上了艾尔登之王。
3000231	<?codenameIcon?>的群组中，有人当上了艾尔登之王。
3000232	
3000233	
3000234	
3000235	
3000236	
3000237	
3000238	
3000239	
3000240	<?codenameIcon?><?codenamePCName?>当上了艾尔登之王。
3000241	<?codenameIcon?>的群组中，有人当上了艾尔登之王。
3000242	
3000243	
3000244	
3000245	
3000246	
3000247	
3000248	
3000249	
3000250	<?codenameIcon?><?codenamePCName?>当上了王。
3000251	<?codenameIcon?>的群组中，有人当上了王。
3000252	
3000253	
3000254	
3000255	
3000256	
3000257	
3000258	
3000259	
3000260	<?codenameIcon?><?codenamePCName?>当上了王。
3000261	<?codenameIcon?>的群组中，有人当上了王。
3000262	
3000263	
3000264	
3000265	
3000266	
3000267	
3000268	
3000269	
3000270	<?codenameIcon?><?codenamePCName?>当上了王。
3000271	<?codenameIcon?>的群组中，有人当上了王。
3000272	
3000273	
3000274	
3000275	
3000276	
3000277	
3000278	
3000279	
3000280	<?codenameIcon?><?codenamePCName?>当上了王。
3000281	<?codenameIcon?>的群组中，有人当上了王。
