1	
21041000	
21050350	
21050450	
21050550	
21050650	
21060000	
21060100	
21060150	
21060200	
21060300	
21101200	
21101800	
21101900	
1010510010	
1020300020	
1020300021	
1020300022	
1020300023	
1020300024	
1020300025	
1020300026	
1020300027	
1020300028	
1020300029	
1020300030	
1020300031	
1020300032	
1020300033	
1020300034	
1020300035	
1020300036	
1020300037	
1020300038	
1020300039	
1020300040	
1020300070	
1020300090	
1020300091	
1020300092	
1020300093	
1020300094	
1020300095	
1020300096	
1020300097	
1020300098	
1020300099	
1020300100	
1020300101	
1020300102	
1020300103	
1020300104	
1020300105	
1020300106	
1020300107	
1020300108	
1020300109	
1020300110	
1020310000	
1020310001	
1020310002	
1020310003	
1020310004	
1020310005	
1020310006	
1020310007	
1020310008	
1020310009	
1020310010	
1020310011	
1020310012	
1020310013	
1020310014	
1020310015	
1020310016	
1020310017	
1020310018	
1020310019	
1020310020	
1020310021	
1020310022	
1020310023	
1020310024	
1020310025	
1020310026	
1020310027	
1020310028	
1020310029	
1020310030	
1020320000	
1020400000	
1020400001	
1020400002	
1020400003	
1020400004	
1020400005	
1020400006	
1020400007	
1020400008	
1020400009	
1020400010	
1020400011	
1020400012	
1020400013	
1020400014	
1020400015	
1020400016	
1020400017	
1020400018	
1020400019	
1020400020	
1020400021	
1020400022	
1020400023	
1020400024	
1020400025	
1020400026	
1020400027	
1020400028	
1020400029	
1020400030	
1020410030	
1020410031	
1020410032	
1020410033	
1020410034	
1020410035	
1020410036	
1020410037	
1020410038	
1020410039	
1020410040	
1020410041	
1020410042	
1020410043	
1020410044	
1020410045	
1020410046	
1020410047	
1020410048	
1020410049	
1020410050	
1020410051	
1020410052	
1020410053	
1020410054	
1020410055	
1020410056	
1020410057	
1020410058	
1020410059	
1020410060	
1020500000	
1020500001	
1020500002	
1020500003	
1020500004	
1020500005	
1020500006	
1020500007	
1020500008	
1020500009	
1020500010	
1020600030	
1020600060	
1020700000	
1020700001	
1020700002	
1020700003	
1020700004	
1020700005	
1020700006	
1020700007	
1020700008	
1020700009	
1020700010	
1020700011	
1020700012	
1020700013	
1020700014	
1020700015	
1020700016	
1020700017	
1020700018	
1020700019	
1020700020	
1020700021	
1020700022	
1020700023	
1020700024	
1020700025	
1020700026	
1020700027	
1020700028	
1020700029	
1020700030	
1020700050	
1020710000	
1020800020	
1020800040	
1020900010	
1020900011	
1020900012	
1020900013	
1020900014	
1020900015	
1020900016	
1020900017	
1020900018	
1020900019	
1020900020	
1020900040	
1020900041	
1020900042	
1020900043	
1020900044	
1020900045	
1020900046	
1020900047	
1020900048	
1020900049	
1020900050	
1020910000	
1020910001	
1020910002	
1020910003	
1020910004	
1020910005	
1020910006	
1020910007	
1020910008	
1020910009	
1020910010	
1020950010	
1020950040	
1020950060	
1020960000	
1020960001	
1020960002	
1020960003	
1020960004	
1020960005	
1020960006	
1020960007	
1020960008	
1020960009	
1020960010	
1020970010	
1020970050	
1020970051	
1020970052	
1020970053	
1020970054	
1020970055	
1020970056	
1020970057	
1020970058	
1020970059	
1020970060	
1020970061	
1020970062	
1020970063	
1020970064	
1020970065	
1020970066	
1020970067	
1020970068	
1020970069	
1020970070	
1020980000	
1020980001	
1020980002	
1020980003	
1020980004	
1020980005	
1020980006	
1020980007	
1020980008	
1020980009	
1020980010	
1021000000	
1021000020	
1021000090	
1021100000	
1021100020	
1021200000	
1021200001	
1021200002	
1021200003	
1021200004	
1021200005	
1021200006	
1021200007	
1021200008	
1021200009	
1021200010	
1021200011	
1021200012	
1021200013	
1021200014	
1021200015	
1021200016	
1021200017	
1021200018	
1021200019	
1021200020	
1021200021	
1021200022	
1021200023	
1021200024	
1021200025	
1021200026	
1021200027	
1021200028	
1021200029	
1021200030	
1021200031	
1021200032	
1021200033	
1021200034	
1021200035	
1021200036	
1021200037	
1021200038	
1021200039	
1021200040	
1021200041	
1021200042	
1021200043	
1021200044	
1021200045	
1021200046	
1021200047	
1021200048	
1021200049	
1021200050	
1021200051	
1021200052	
1021200053	
1021200054	
1021200055	
1021200056	
1021200057	
1021200058	
1021200059	
1021200060	
1021210000	
1021210001	
1021210002	
1021210003	
1021210004	
1021210005	
1021210006	
1021210007	
1021210008	
1021210009	
1021210010	
1021220000	
1021220001	
1021220002	
1021220003	
1021220004	
1021220005	
1021220006	
1021220007	
1021220008	
1021220009	
1021220010	
1021300000	
1021300020	
1021400000	
1021400001	
1021400002	
1021400003	
1021400004	
1021400005	
1021400006	
1021400007	
1021400008	
1021400009	
1021400010	
1021400040	
1021500010	
1021500040	
1021700000	
1021800000	
1021800001	
1021800002	
1021800003	
1021800004	
1021800005	
1021800006	
1021800007	
1021800008	
1021800009	
1021800010	
1021900040	
1030500020	
1030500021	
1030500022	
1030500023	
1030500024	
1030500025	
1030500026	
1030500027	
1030500028	
1030500029	
1030500030	
1030500031	
1030500032	
1030500033	
1030500034	
1030500035	
1030500036	
1030500037	
1030500038	
1030500039	
1030500040	
1030500041	
1030500042	
1030500043	
1030500044	
1030500045	
1030500046	
1030500047	
1030500048	
1030500049	
1030500050	
1030500051	
1030500052	
1030500053	
1030500054	
1030500055	
1030500056	
1030500057	
1030500058	
1030500059	
1030500060	
1030600000	
1030600030	
1030600060	
1030610000	
1030610001	
1030610002	
1030610003	
1030610004	
1030610005	
1030610006	
1030610007	
1030610008	
1030610009	
1030610010	
1030700020	
1031600010	
1031700010	
1031700011	
1031700012	
1031700013	
1031700014	
1031700015	
1031700016	
1031700017	
1031700018	
1031700019	
1031700020	
1031700040	
1031900010	
1032000010	
1032100010	
1032200010	
1032200011	
1032200012	
1032200013	
1032200014	
1032200015	
1032200016	
1032200017	
1032200018	
1032200019	
1032200020	
1032300000	
1040200000	
1040200001	
1040200002	
1040200003	
1040200004	
1040200005	
1040200006	
1040200007	
1040200008	
1040200009	
1040200010	
1040200011	
1040200012	
1040200013	
1040200014	
1040200015	
1040200016	
1040200017	
1040200018	
1040200019	
1040200020	
1050200000	
1050400000	
1050400001	
1050400002	
1050400003	
1050400004	
1050400005	
1050400006	
1050400007	
1050400008	
1050400009	
1050400010	
1060100000	
1060100001	
1060100002	
1060100003	
1060100004	
1060100005	
1060100006	
1060100007	
1060100008	
1060100009	
1060100010	
1060200010	
1060200030	
1060210000	
1060220000	
1060220001	
1060220002	
1060220003	
1060220004	
1060220005	
1060220006	
1060220007	
1060220008	
1060220009	
1060220010	
1060250000	
1060260010	
1060260011	
1060260012	
1060260013	
1060260014	
1060260015	
1060260016	
1060260017	
1060260018	
1060260019	
1060260020	
1060300040	
1060700040	
1060700070	
1060710000	
1060720050	
1060721000	
1060730000	
1060800020	
1060900020	
1060900021	
1060900022	
1060900023	
1060900024	
1060900025	
1060900026	
1060900027	
1060900028	
1060900029	
1060900030	
1060900031	
1060900032	
1060900033	
1060900034	
1060900035	
1060900036	
1060900037	
1060900038	
1060900039	
1060900040	
1060900041	
1060900042	
1060900043	
1060900044	
1060900045	
1060900046	
1060900047	
1060900048	
1060900049	
1060900050	
1060900070	
1060910000	
1060910001	
1060910002	
1060910003	
1060910004	
1060910005	
1060910006	
1060910007	
1060910008	
1060910009	
1060910010	
1061000010	
1061100000	
1070600000	
1090200020	
1090210000	
1090300030	
1090310000	
1090310001	
1090310002	
1090310003	
1090310004	
1090310005	
1090310006	
1090310007	
1090310008	
1090310009	
1090310010	
1090320000	
1090400040	
1090550000	
1090550001	
1090550002	
1090550003	
1090550004	
1090550005	
1090550006	
1090550007	
1090550008	
1090550009	
1090550010	
1090555010	
1090555030	
1090600000	
1090650000	
1090700000	
1090700001	
1090700002	
1090700003	
1090700004	
1090700005	
1090700006	
1090700007	
1090700008	
1090700009	
1090700010	
1090750000	
1090750020	
1090800000	
1090900010	
1130120000	
1140100000	
1140200010	
1140200040	
1140210010	
1140220000	
1140220001	
1140220002	
1140220003	
1140220004	
1140220005	
1140220006	
1140220007	
1140220008	
1140220009	
1140220010	
1140240000	
1140250000	
1140250020	
1140260010	
1140270010	
1140280000	
1140300010	
1140350000	
1140350001	
1140350002	
1140350003	
1140350004	
1140350005	
1140350006	
1140350007	
1140350008	
1140350009	
1140350010	
1140350011	
1140350012	
1140350013	
1140350014	
1140350015	
1140350016	
1140350017	
1140350018	
1140350019	
1140350020	
1140500000	
1140500001	
1140500002	
1140500003	
1140500004	
1140500005	
1140500006	
1140500007	
1140500008	
1140500009	
1140500010	
1140610020	
1140700000	
1140900010	
1141100020	
1141200020	
1141220000	
1141500010	
1141500011	
1141500012	
1141500013	
1141500014	
1141500015	
1141500016	
1141500017	
1141500018	
1141500019	
1141500020	
1141550000	
1141550001	
1141550002	
1141550003	
1141550004	
1141550005	
1141550006	
1141550007	
1141550008	
1141550009	
1141550010	
1141700000	
1150400000	
1150560000	
1150560001	
1150560002	
1150560003	
1150560004	
1150560005	
1150560006	
1150560007	
1150560008	
1150560009	
1150560010	
1151400000	
1151410000	
1160100000	
1160220000	
1160250000	
1160250060	
1160250061	
1160250062	
1160250063	
1160250064	
1160250065	
1160250066	
1160250067	
1160250068	
1160250069	
1160250070	
1160500000	
1160610000	
1160650000	
1160700000	
1160800030	
1161100000	
1161100001	
1161100002	
1161100003	
1161100004	
1161100005	
1161100006	
1161100007	
1161100008	
1161100009	
1161100010	
1161200000	
1161250040	
1162200000	
1162400000	
1162400001	
1162400002	
1162400003	
1162400004	
1162400005	
1162400006	
1162400007	
1162400008	
1162400009	
1162400010	
1162600000	
1162700000	
1162700001	
1162700002	
1162700003	
1162700004	
1162700005	
1162700006	
1162700007	
1162700008	
1162700009	
1162700010	
1162900000	
1163000010	
1163400000	
1163850000	
1163880020	
1163880070	
1163890000	
1164000000	
1164000001	
1164000002	
1164000003	
1164000004	
1164000005	
1164000006	
1164000007	
1164000008	
1164000009	
1164000010	
1170100010	
1170100030	
1170110010	
1170130000	
1170200000	
1170200020	
1170210010	
1170210030	
1170210031	
1170210032	
1170210033	
1170210034	
1170210035	
1170210036	
1170210037	
1170210038	
1170210039	
1170210040	
1170310010	
1170320000	
1170350060	
1170350061	
1170350062	
1170350063	
1170350064	
1170350065	
1170350066	
1170350067	
1170350068	
1170350069	
1170350070	
1170410010	
1170410030	
1170420010	
1170420030	
1170420031	
1170420032	
1170420033	
1170420034	
1170420035	
1170420036	
1170420037	
1170420038	
1170420039	
1170420040	
1170600030	
1170600031	
1170600032	
1170600033	
1170600034	
1170600035	
1170600036	
1170600037	
1170600038	
1170600039	
1170600040	
1170700000	
1171100010	
1172200000	
1172500010	
1172800000	
1172900010	
1173100010	
1173300000	
1180100000	
1180100020	
1180200010	
1180300010	
1180350020	
1180350021	
1180350022	
1180350023	
1180350024	
1180350025	
1180350026	
1180350027	
1180350028	
1180350029	
1180350030	
1180400010	
1180420020	
1180420021	
1180420022	
1180420023	
1180420024	
1180420025	
1180420026	
1180420027	
1180420028	
1180420029	
1180420030	
1180800040	
1180810030	
1180900000	
1180900001	
1180900002	
1180900003	
1180900004	
1180900005	
1180900006	
1180900007	
1180900008	
1180900009	
1180900010	
1180900050	
1180900080	
1180910000	
1181000040	
1181000041	
1181000042	
1181000043	
1181000044	
1181000045	
1181000046	
1181000047	
1181000048	
1181000049	
1181000050	
1181000070	
1181130000	
1181150000	
1181170000	
1181210000	
1181230000	
1181260000	
1181260001	
1181260002	
1181260003	
1181260004	
1181260005	
1181260006	
1181260007	
1181260008	
1181260009	
1181260010	
1181320010	
1181320011	
1181320012	
1181320013	
1181320014	
1181320015	
1181320016	
1181320017	
1181320018	
1181320019	
1181320020	
1181360000	
1190100010	
1190100030	
1190220010	
1190260010	
1190450010	
1190450030	
1190600000	
1190600040	
1190810010	
1190820000	
1191200060	
1191210010	
1191400010	
1191600000	
1192300010	
1200100050	
1200200040	
1200200060	
1200250020	
1200600000	
1200600040	
1200710050	
1200710051	
1200710052	
1200710053	
1200710054	
1200710055	
1200710056	
1200710057	
1200710058	
1200710059	
1200710060	
1200760010	
1200770010	
1200770011	
1200770012	
1200770013	
1200770014	
1200770015	
1200770016	
1200770017	
1200770018	
1200770019	
1200770020	
1200770040	
1200800000	
1201000070	
1201010070	
1201030000	
1201100000	
1201210000	
1201300010	
1201300011	
1201300012	
1201300013	
1201300014	
1201300015	
1201300016	
1201300017	
1201300018	
1201300019	
1201300020	
1500705010	
