302600	在幽影之地各处，能获得幽影树碎片。\n于赐福消耗后，能加强“幽影树庇佑”。\n\n接受“幽影树庇佑”\n能强化自身的攻击力与减伤率，\n但有效范围仅限于幽影之地。
302601	
302602	
302603	
302604	
302605	
302606	
302607	
302608	
302609	
302610	在幽影之地各处，能获得灵灰。\n于赐福消耗后，能加强“灵灰庇佑”。\n\n接受“灵灰庇佑”\n能强化受召唤灵魂与灵马的攻击力与减伤率，\n但有效范围仅限于幽影之地。
302611	
302612	
302613	
302614	
302615	
302616	
302617	
302618	
302619	
302620	从系统选单的显示配置，\n能够详细配置下列新功能：\n\n·初次获得的道具，能以<?newItemIcon?>标示。\n·最近获得的道具，能从专用的标签进行确认。
402600	消耗幽影树碎片，能加强“幽影树庇佑”。\n\n接受“幽影树庇佑”\n能强化自身的攻击力与减伤率，\n但有效范围仅限于幽影之地。
402601	
402602	
402603	
402604	
402605	
402606	
402607	
402608	
402609	
402610	消耗灵灰，能加强“灵灰庇佑”。\n\n接受“灵灰庇佑”\n能强化受召唤灵魂与灵马的攻击力与减伤率，\n但有效范围仅限于幽影之地。
