1	探知
2	魔法スロットアップ（＋3版）
100	オンラインプレイ専用アイテム\n指読みの巫女たちに請願した証\n\n潰れ指に侵入された時\n他世界から潰れ狩りを救援召喚する\n\n指読みの巫女は、声を潜め語るだろう\n潰れ指の、唾棄すべき裏切りと\n卑劣な侵入の危うさを\n
101	オンラインプレイ専用アイテム\n指読みの巫女たちと誓約した証\n\n他プレイヤーが潰れ指に侵入された時\nそのプレイヤーの世界に救援召喚される\n\n潰れ指は、指読みの裏切り者であり\n褪せ人の繋がりを犯す癌である\n切除が、根絶が、必要だろう\n
1000	緋色の琥珀が嵌めこまれたメダリオン\nＨＰの最大値を上昇させる\n\n琥珀とは、黄金樹の古い雫であり\n最初のエルデの王、ゴッドフレイの時代に\n特別な宝石として扱われた\n\nそれは生命の原始的な力を宿している\n
1001	緋色の琥珀が嵌めこまれたメダリオン\nＨＰの最大値を大きく上昇させる\n\n琥珀とは、黄金樹の古い雫であり\n最初のエルデの王、ゴッドフレイの時代に\n特別な宝石として扱われた\n\nそれは生命の原始的な力を宿している\n
1002	緋色の琥珀が嵌めこまれたメダリオン\nＨＰの最大値を、とても大きく上昇させる\n\n琥珀とは、黄金樹の古い雫であり\n最初のエルデの王、ゴッドフレイの時代に\n特別な宝石として扱われた\n\nそれは生命の原始的な力を宿している\n
1003	
1004	
1005	
1006	
1007	
1008	
1009	
1010	青色の琥珀が嵌めこまれたメダリオン\nＦＰの最大値を上昇させる\n\n琥珀とは、黄金樹の古い雫であり\n最初のエルデの王、ゴッドフレイの時代に\n特別な宝石として扱われた\n\nそれは生命の原始的な力を宿している\n
1011	青色の琥珀が嵌めこまれたメダリオン\nＦＰの最大値を大きく上昇させる\n\n琥珀とは、黄金樹の古い雫であり\n最初のエルデの王、ゴッドフレイの時代に\n特別な宝石として扱われた\n\nそれは生命の原始的な力を宿している\n
1012	青色の琥珀が嵌めこまれたメダリオン\nＦＰの最大値を、とても大きく上昇させる\n\n琥珀とは、黄金樹の古い雫であり\n最初のエルデの王、ゴッドフレイの時代に\n特別な宝石として扱われた\n\nそれは生命の原始的な力を宿している\n
1013	
1014	
1015	
1016	
1017	
1018	
1019	
1020	緑色の琥珀が嵌めこまれたメダリオン\nスタミナの最大値を上昇させる\n\n琥珀とは、黄金樹の古い雫であり\n最初のエルデの王、ゴッドフレイの時代に\n特別な宝石として扱われた\n\nそれは生命の原始的な力を宿している\n
1021	緑色の琥珀が嵌めこまれたメダリオン\nスタミナの最大値を大きく上昇させる\n\n琥珀とは、黄金樹の古い雫であり\n最初のエルデの王、ゴッドフレイの時代に\n特別な宝石として扱われた\n\nそれは生命の原始的な力を宿している\n
1022	緑色の琥珀が嵌めこまれたメダリオン\nスタミナの最大値を、とても大きく上昇させる\n\n琥珀とは、黄金樹の古い雫であり\n最初のエルデの王、ゴッドフレイの時代に\n特別な宝石として扱われた\n\nそれは生命の原始的な力を宿している\n
1023	
1024	
1025	
1026	
1027	
1028	
1029	
1030	武具の塊を表した鉄製のお守り\n装備重量の上限を上昇させる\n\n復讐の英雄の得物として知られる\n異形の大剣に由来したタリスマン\n
1031	武具の塊を表した鉄製のお守り\n装備重量の上限を大きく上昇させる\n\n復讐の英雄の得物として知られる\n異形の大剣に由来したタリスマン\n
1032	大壺に溢れんばかりの武具塊のお守り\n装備重量の上限を、とても大きく上昇させる\n\n大壺は、自らの戦士たちにこれを授ける\nいっぱい持って、大きくなれよ\n
1033	
1034	
1035	
1036	
1037	
1038	
1039	
1040	黄金樹の特別な恩寵の象り\n最大ＨＰ、スタミナ、最大装備重量を\n少しずつ上昇させる\n\n黄金樹の時代、そのはじまりにおいて\n女王マリカは手ずからそれを与えたという\n
1041	黄金樹の特別な恩寵の象り\n最大ＨＰ、スタミナ、最大装備重量を\n上昇させる\n\n黄金樹の時代、そのはじまりにおいて\n女王マリカは手ずからそれを与えたという\n
1042	黄金樹の特別な恩寵の象り\n「伝説のタリスマン」のひとつ\n\n最大ＨＰ、スタミナ、最大装備重量を\n大きく上昇させる\n\n黄金樹の時代、そのはじまりにおいて\n女王マリカは手ずからそれを与えたという\n
1043	
1044	
1045	
1046	
1047	
1048	
1049	
1050	エルデのルーンが刻印された瞳\nそれは、王配ラダゴンの印であるという\n\n生命力、持久力、筋力、技量が高まるが\n被ダメージも大きくなる\n\n刻印は、神に見出された者が\n生涯の使命を与えられた証である\n
1051	エルデのルーンが刻印された瞳\n「伝説のタリスマン」のひとつ\nそれは、王配ラダゴンの印であるという\n\n生命力、持久力、筋力、技量が大きく高まるが\n被ダメージもとても大きくなる\n\n強き使命は、その主を蝕む\nまるで逃れ得ぬ呪いのように\n
1052	
1053	
1054	
1055	
1056	
1057	
1058	
1059	
1060	英雄の伝承が刻まれたタリスマン\n筋力を高める\n\nデミゴッドで最も強いとされた英雄は\n降る星に一人で挑み、これを砕き\n以来、星の運命は封印されたという\n
1061	
1062	
1063	
1064	
1065	
1066	
1067	
1068	
1069	
1070	英雄の伝承が刻まれたタリスマン\n技量を高める\n\n生まれながら宿痾に侵された少女は\n師と、彼の流水の剣と出会い\n無双の翼を得たという\n
1071	
1072	
1073	
1074	
1075	
1076	
1077	
1078	
1079	
1080	女王の伝承が刻まれたタリスマン\n知力を高める\n\n星見の少女は、夜空を見上げ歩いた\nずっとずっと、星を追って旅をした\nそして満月と出会い、女王となった\n
1081	
1082	
1083	
1084	
1085	
1086	
1087	
1088	
1089	
1090	二本指の伝承が刻まれたタリスマン\n信仰を高める\n\n指は声を持たず、だが雄弁であった\n指は執拗に蠢き、空に神秘を綴った\nそして我らは言葉を得た。信仰の言葉を\n
1091	
1092	
1093	
1094	
1095	
1096	
1097	
1098	
1099	
1100	あらゆる宝、貴重なものの運び手たる\nスカラベを象ったタリスマン\n\n銀色のそれは、発見力を高める\n
1101	
1102	
1103	
1104	
1105	
1106	
1107	
1108	
1109	
1110	あらゆる宝、貴重なものの運び手たる\nスカラベを象ったタリスマン\n\n金色のそれは、敵を倒したとき\n得るルーンの量が増える\n
1140	永遠の都、ノクステラの秘宝\n「伝説のタリスマン」のひとつ\n\n記憶スロットを増やす\n\nそれは、彼らが失くした黒い月を模している\nノクステラの月は、無数の星を従えていた\n
1141	
1142	
1143	
1144	
1145	
1146	
1147	
1148	
1149	
1150	緑色の亀を象ったタリスマン\nスタミナの回復速度を高める\n\n亀は、滋養のある食材として知られ\n尽きぬ力の象徴とされた\n\nけれど、亀を賢獣と呼ぶ者たちには\nそれは蛮習と映ったという\n
1151	
1152	
1153	
1154	
1155	
1156	
1157	
1158	
1159	
1160	祖霊の民の装身具\n頑健耐性を高める\n（頑健は、出血や冷気に対する耐性である）\n\nそれは、芽生えかけの角であるという\n長く生きた獣は、角に新たな芽生えを迎え\nそれを永遠に繰り返し、いつか祖霊となるのだと\n
1161	祖霊の民の装身具\n頑健耐性を大きく高める\n（頑健は、出血や冷気に対する耐性である）\n\nそれは、芽生えかけの角であるという\n長く生きた獣は、角に新たな芽生えを迎え\nそれを永遠に繰り返し、いつか祖霊となるのだと\n
1162	
1163	
1164	
1165	
1166	
1167	
1168	
1169	
1170	祖霊の民の装身具\n免疫耐性を高める\n（免疫は、毒や腐敗に対する耐性である）\n\nそれは、芽生えかけの角であるという\n長く生きた獣は、角に新たな芽生えを迎え\nそれを永遠に繰り返し、いつか祖霊となるのだと\n
1171	祖霊の民の装身具\n免疫耐性を大きく高める\n（免疫は、毒や腐敗に対する耐性である）\n\nそれは、芽生えかけの角であるという\n長く生きた獣は、角に新たな芽生えを迎え\nそれを永遠に繰り返し、いつか祖霊となるのだと\n
1172	
1173	
1174	
1175	
1176	
1177	
1178	
1179	
1180	祖霊の民の装身具\n正気耐性を高める\n（正気は、睡眠や発狂に対する耐性である）\n\nそれは、芽生えかけの角であるという\n長く生きた獣は、角に新たな芽生えを迎え\nそれを永遠に繰り返し、いつか祖霊となるのだと\n
1181	祖霊の民の装身具\n正気耐性を大きく高める\n（正気は、睡眠や発狂に対する耐性である）\n\nそれは、芽生えかけの角であるという\n長く生きた獣は、角に新たな芽生えを迎え\nそれを永遠に繰り返し、いつか祖霊となるのだと\n
1182	
1183	
1184	
1185	
1186	
1187	
1188	
1189	
1190	生臭く膿んだ人面の瘡\n抗死耐性を高める\n\nその顔の主は、死王子であるという\n彼は、かつてゴッドウィンと呼ばれ\nデミゴッド最初の死者として、王都の地下深く\n黄金樹の根本に埋葬されたという\n
1191	生臭く膿んだ人面の業瘡\n抗死耐性を大きく高める\n\nその顔の主は、死王子であるという\nデミゴッド最初の死者たる黄金の貴公子の\n死にきれず、穢れきった死に顔であるという\n
1192	
1193	
1194	
1195	
1196	
1197	
1198	
1199	
1200	祖霊の民の装身具\nその、特に彩られた貴重なもの\n\n免疫、頑健、正気の耐性を高める\n\nそれは、芽生えかけの角であるという\n長く生きた獣は、角に新たな芽生えを迎え\nそれを永遠に繰り返し、いつか祖霊となるのだと\n
1201	祖霊の民の装身具\nその、特に彩られた貴重なもの\n\n免疫、頑健、正気の耐性を大きく高める\n\nそれは、芽生えかけの角であるという\n長く生きた獣は、角に新たな芽生えを迎え\nそれを永遠に繰り返し、いつか祖霊となるのだと\n
1202	
1203	
1204	
1205	
1206	
1207	
1208	
1209	
1210	大山羊の角を象ったタリスマン\n強靭度を高める\n\n大山羊は、ある騎士の名で知られる\n太く、強く、決して怯まぬトラゴスは\n戦う者の、物言わぬ友であるという\n
1211	
1212	
1213	
1214	
1215	
1216	
1217	
1218	
1219	
1220	エルデのルーンが刻印された瞳\nそれは、女王マリカの印であるという\n\n精神力、知力、信仰、神秘が高まるが\n被ダメージも大きくなる\n\n刻印は、神に見出された者が\n生涯の使命を与えられた証である\n
1221	エルデのルーンが刻印された瞳\n「伝説のタリスマン」のひとつ\nそれは、女王マリカの印であるという\n\n精神力、知力、信仰、神秘が大きく高まるが\n被ダメージもとても大きくなる\n\n強き使命は、その主を蝕む\nまるで逃れ得ぬ呪いのように\n
1222	
1223	
1224	
1225	
1226	
1227	
1228	
1229	
1230	壊れて死んだ、戦士の壺の破片\n\n戦技の攻撃力を高める\n\n蕩けた屍肉が破片にこびり付き\nその内には、装飾品の名残が見て取れる\n古い、王族の戦士の遺品だろう\n
1231	壊れて死んだ\n戦士の壺、アレキサンダーの破片\n\n戦技の攻撃力を大きく高める\n\n蕩けた屍肉が破片にこびり付き\nその内には、装飾品の名残が見て取れる\n赤髪の英雄の遺品のようだ\n
1232	
1233	
1234	
1235	
1236	
1237	
1238	
1239	
1240	しゃべすらタリスマン
1241	しゃべすらタリスマン+1
1242	
1243	
1244	
1245	
1246	
1247	
1248	
1249	
1250	ミリセントが用いた黄金の義手の一部\n剣を掲げる形で固まった掌\n\n技量を高め\n攻撃が連続するほど、攻撃力を高める\n\n素晴らしき裏切りの絶望により\n蕾たる彼女は、色めく花となった\nそして、いつか再誕するだろう\n美しき、朱い戦乙女となって\n
2000	奇手奇襲の刺客たちのタリスマン\n脱皮直後の蠍が模され、その鋏は\n魔力色の心臓を捕らえている\n\n魔力攻撃力を高めるが\nカット率が下がってしまう\n
2001	
2002	
2003	
2004	
2005	
2006	
2007	
2008	
2009	
2010	奇手奇襲の刺客たちのタリスマン\n脱皮直後の蠍が模され、その鋏は\n雷色の心臓を捕らえている\n\n雷攻撃力を高めるが\nカット率が下がってしまう\n
2011	
2012	
2013	
2014	
2015	
2016	
2017	
2018	
2019	
2020	奇手奇襲の刺客たちのタリスマン\n脱皮直後の蠍が模され、その鋏は\n炎色の心臓を捕らえている\n\n炎攻撃力を高めるが\nカット率が下がってしまう\n
2021	
2022	
2023	
2024	
2025	
2026	
2027	
2028	
2029	
2030	奇手奇襲の刺客たちのタリスマン\n脱皮直後の蠍が模され、その鋏は\n聖色の心臓を捕らえている\n\n聖攻撃力を高めるが\nカット率が下がってしまう\n
2031	
2032	
2033	
2034	
2035	
2036	
2037	
2038	
2039	
2040	古代の死儀礼に由来するタリスマン\n赤羽のそれは、ＨＰが減少したとき\n攻撃力を高める\n\n死に近付くは高揚である\nそれでこそ、懸命に生に縋り付き\n後の死はより輝かしい\n
2041	
2042	
2043	
2044	
2045	
2046	
2047	
2048	
2049	
2050	かつて黄金樹に捧げられた闘いの\n儀式の剣を模したタリスマン\n\nＨＰが最大のとき、攻撃力を高める\n\n王配ラダゴンの時代、捧闘は廃れてしまった\n各地に残る闘技場は、その名残である\n
2051	
2052	
2053	
2054	
2055	
2056	
2057	
2058	
2059	
2060	槍と兵士を象ったタリスマン\n刺突攻撃特有の、カウンター攻撃を強化する\n\n槍は、狭間の地の兵士の一般的な武器であり\nときに強者に、手痛い反撃をあたえた\n
2061	
2062	
2063	
2064	
2065	
2066	
2067	
2068	
2069	
2070	大槌と騎士を象ったタリスマン\nガードに対するスタミナ攻撃力を強化する\n\n槌は、盾を用いる敵に効果が高く\n故に騎士狩りの武器として知られている\n
2071	
2072	
2073	
2074	
2075	
2076	
2077	
2078	
2079	
2080	掲げられた義手刀を象ったタリスマン\n欠け身のマレニアと、共に戦った騎士たちの徽章\n\n攻撃が連続するほど、攻撃力が高まる\n\n翼はマレニアと、その不敗の戦の象徴である\n生来の宿痾により癒しを知らぬ彼女の剣は\n美しく、ただ熾烈であり続けた\n
2081	掲げられた義手刀を象ったタリスマン\n腐敗の女神に仕える、戦乙女たちの徽章\n\n攻撃が連続するほど、攻撃力が大きく高まる\n\n四姉妹は、エオニアの沼に生まれ落ち\nゴーリーの手引きにより、聖樹へと至った\nだが彼女たちは、出来損ないの蕾であった\n
2082	
2083	
2084	
2085	
2086	
2087	
2088	
2089	
2090	短剣と医師を象ったタリスマン\n致命の一撃を強化する\n\n白衣の戦場医師は、敵味方に関わらず\n死に損なった者たちを一突きで介錯する\nまさに慈悲こそが、殺意を高めるのだ\n
2091	
2092	
2093	
2094	
2095	
2096	
2097	
2098	
2099	
2100	三本の羽矢を象ったタリスマン\n獣を狩る、狩人たちのもの\n\n弓の飛距離が上昇する\n
2101	
2102	
2103	
2104	
2105	
2106	
2107	
2108	
2109	
2110	青衣の踊り子を象った布人形\nとても古い、伝承の遺物\n\n装備重量が少ないほど、攻撃力が高まる\n\n青衣の踊り子は、妖精であったという\n妖精は、盲目の剣士に流水の剣を授け\n古き神、腐敗を封じたと伝わっている\n
2111	
2112	
2113	
2114	
2115	
2116	
2117	
2118	
2119	
2120	両刃剣と密使を象ったタリスマン\n連撃の最終攻撃を強化する\n\n密使たちに伝わる両刃の剣技は\n攻撃の勢いを殺さないことを、極意とする\n故にその最終攻撃は、危険である\n
2121	
2122	
2123	
2124	
2125	
2126	
2127	
2128	
2129	
2130	斧と戦士を象ったタリスマン\nタメ攻撃を強化する\n\n斧は、長征の戦王の武器である\n王を誇る戦士たちは、同じ武器を振るい\n力を込めた一撃に長けている\n
2131	
2132	
2133	
2134	
2135	
2136	
2137	
2138	
2139	
2140	ランスと騎馬騎士を象ったタリスマン\n馬上での攻撃力を強化する\n\n馬上にある騎士は、恐ろしい\n高きによって低きを視るは\n勢いすでに破竹であろう\n
2141	
2142	
2143	
2144	
2145	
2146	
2147	
2148	
2149	
2150	三本の鉄矢を象ったタリスマン\n古い兵士たちのもの\n\n矢やボルトによる射撃の\n攻撃力が高まる\n
2151	
2152	
2153	
2154	
2155	
2156	
2157	
2158	
2159	
2160	血の君主の喜びを模したタリスマン\n\n周囲で出血状態が発生すると、攻撃力が高まる\n\n血の君主に、血を捧げよ\n御方の閨を、繭を血で満たせ\n幼き伴侶が目覚める時、我ら王朝開闢せん\n
2161	
2162	
2163	
2164	
2165	
2166	
2167	
2168	
2169	
2170	蟲たちの喜びを模したタリスマン\n\n周囲で毒あるいは腐敗状態が発生すると\n攻撃力が高まる\n\n朱の女神に、腐敗を捧げよ\n遠い彼方で、朱い花咲誇り\n我ら落とし子に戻りたまえ\n
2171	
2172	
2173	
2174	
2175	
2176	
2177	
2178	
2179	
2180	爪と凶手を象ったタリスマン\nジャンプ攻撃を強化する\n\n暗殺を生業とする、カラス山の凶手たちは\n自らを死の猛禽に擬し、獲物に襲いかかる\n
2181	
2182	
2183	
2184	
2185	
2186	
2187	
2188	
2189	
2190	叫ぶ巨人を象った、青銅のメダリオン\n咆哮とブレスを強化する\n\n古い時代、巨人は黄金樹の宿敵であった\nその轟く咆哮は大自然を荒ぶらせ\n雪崩をおこし、炎を嵐としたという\n
2191	
2192	
2193	
2194	
2195	
2196	
2197	
2198	
2199	
2200	曲剣と剣士を象ったタリスマン\nガードカウンターを強化する\n\n肉を切らせて骨を断つ、その卓越した剣技は\nかつて盲目の剣士が見出したという\n
2201	
2202	
2203	
2204	
2205	
2206	
2207	
2208	
2209	
2210	壺たちが、友に贈るタリスマン\n投擲壺アイテムの威力を高める\n\n人の血肉を、その生の源としながらも\n壺たちは皆善良である。あるいはそれこそが\n彼らが作られた理由であったろうか\n
2211	
2212	
2213	
2214	
2215	
2216	
2217	
2218	
2219	
2220	調香瓶を模したタリスマン\n調香術の威力を高める\n\n調香師には、彼らだけが知る花園がある\n高原の辺縁に、あるいは隠された洞窟に\nそこで花々は、ただ香るためだけに咲く\n
3000	魔術師球と呼ばれる\n学院の悪夢を象ったタリスマン\n\n魔術の威力を高める\n\n輝石魔術には、源流という禁忌がある\n魔術師を集めて星の種となす\n源流では、これは探究の一手段なのだ\n
3001	魔術師球と呼ばれる学院の悪夢\n最初のそれを象ったタリスマン\n\n魔術の威力を大きく高める\n\n輝石魔術には、源流という禁忌がある\n魔術師を集めて星の種となす\n源流では、これは探究の一手段なのだ\n
3040	仮面の偶像が描かれた布きれ\n祈祷の威力を高める\n\nその偶像は信徒を模している\n形無きものを頑なに信じ、祈る様は\n孤独な教祖にすら勇気を与える\n\n信仰とは、つまり肯定であろう\n
3041	
3042	
3043	
3044	
3045	
3046	
3047	
3048	
3049	
3050	大量の偶像が描かれた布きれ\n祈祷の威力を大きく高める\n\nその偶像は信徒を模している\n形無きものを頑なに信じ、祈る様は\n孤独な教祖にすら勇気を与える\n\n信仰とは、つまり肯定であろう\n
3051	
3052	
3053	
3054	
3055	
3056	
3057	
3058	
3059	
3060	時の狭間、嵐の中心に座すという\n古き王を象ったタリスマン\n「伝説のタリスマン」のひとつ\n\n魔術と祈祷の効果時間を延ばす\n\n古き王の都、ファルム・アズラは\n遥か前からずっと\nゆっくりと崩壊しているという\n
3061	
3062	
3063	
3064	
3065	
3066	
3067	
3068	
3069	
3070	エルデの王、ラダゴンを象ったタリスマン\n「伝説のタリスマン」のひとつ\n\n魔術と祈祷の使用速度を速める\n\n赤髪のラダゴンは\nカーリアのレナラの夫として魔術を修め\n女王マリカの夫として祈祷を修めたという\n英雄は、完全たるを目指したのだ\n
3071	
3072	
3073	
3074	
3075	
3076	
3077	
3078	
3079	
3080	血濡れた古い輝石の刃\n\n魔術と祈祷の消費ＦＰが少なくなるが\n最大ＨＰも減ってしまう\n\n原輝石を、自らの魂とするために\n古い魔術師は、この刃で心臓を切り裂く\nそしてそのまま死んでいく\n
3081	
3082	
3083	
3084	
3085	
3086	
3087	
3088	
3089	
3090	エルデの王、ゴッドフレイを象ったタリスマン\n「伝説のタリスマン」のひとつ\n\n魔術／祈祷／戦技のタメ使用を強化する\n\nゴッドフレイは、猛き戦士であった\nけれど、王となるを誓ったとき\n沸々と滾り続ける戦意を抑えるため\n宰相の獣、セローシュを背負ったのだ\n
4000	古竜が浮き彫られた、錬鉄のタリスマン\n物理カット率を高める\n\n黄金樹なき先史時代の主たる古竜は\n王を守る、巌の壁であったという\n故に竜姿は、あらゆる護りの象徴である\n
4001	二体の古竜が浮き彫られた、錬鉄のタリスマン\n物理カット率を大きく高める\n\n黄金樹なき先史時代の主たる古竜は\n王を守る、巌の壁であったという\n故に竜姿は、あらゆる護りの象徴である\n
4002	三体の古竜が浮き彫られた、錬鉄のタリスマン\n物理カット率を、とても大きく高める\n\n黄金樹なき先史時代の主たる古竜は\n王を守る、巌の壁であったという\n故に竜姿は、あらゆる護りの象徴である\n
4003	巨大な古竜が浮き彫られた、錬鉄のタリスマン\n「伝説のタリスマン」のひとつ\n\n物理カット率を、きわめて大きく高める\n\n黄金樹なき先史時代の主たる古竜は\n王を守る、巌の壁であったという\n故に竜姿は、あらゆる護りの象徴である\n
4004	
4005	
4006	
4007	
4008	
4009	
4010	青い古竜の描かれたタリスマン\n魔力カット率を高める\n\n黄金樹なき先史時代の主たる古竜は\n王を守る、巌の壁であったという\n故に竜姿は、あらゆる護りの象徴である\n
4011	二体の青い古竜の描かれたタリスマン\n魔力カット率を大きく高める\n\n黄金樹なき先史時代の主たる古竜は\n王を守る、巌の壁であったという\n故に竜姿は、あらゆる護りの象徴である\n
4012	三体の青い古竜の描かれたタリスマン\n魔力カット率を、とても大きく高める\n\n黄金樹なき先史時代の主たる古竜は\n王を守る、巌の壁であったという\n故に竜姿は、あらゆる護りの象徴である\n
4013	
4014	
4015	
4016	
4017	
4018	
4019	
4020	赤い古竜の描かれたタリスマン\n炎カット率を高める\n\n黄金樹なき先史時代の主たる古竜は\n王を守る、巌の壁であったという\n故に竜姿は、あらゆる護りの象徴である\n
4021	二体の赤い古竜の描かれたタリスマン\n炎カット率を大きく高める\n\n黄金樹なき先史時代の主たる古竜は\n王を守る、巌の壁であったという\n故に竜姿は、あらゆる護りの象徴である\n
4022	三体の赤い古竜の描かれたタリスマン\n炎カット率を、とても大きく高める\n\n黄金樹なき先史時代の主たる古竜は\n王を守る、巌の壁であったという\n故に竜姿は、あらゆる護りの象徴である\n
4023	
4024	
4025	
4026	
4027	
4028	
4029	
4030	黄色い古竜の描かれたタリスマン\n雷カット率を高める\n\n黄金樹なき先史時代の主たる古竜は\n王を守る、巌の壁であったという\n故に竜姿は、あらゆる護りの象徴である\n
4031	二体の黄色い古竜の描かれたタリスマン\n雷カット率を大きく高める\n\n黄金樹なき先史時代の主たる古竜は\n王を守る、巌の壁であったという\n故に竜姿は、あらゆる護りの象徴である\n
4032	三体の黄色い古竜の描かれたタリスマン\n雷カット率を、とても大きく高める\n\n黄金樹なき先史時代の主たる古竜は\n王を守る、巌の壁であったという\n故に竜姿は、あらゆる護りの象徴である\n
4033	
4034	
4035	
4036	
4037	
4038	
4039	
4040	金の古竜の描かれたタリスマン\n聖カット率を高める\n\n黄金樹なき先史時代の主たる古竜は\n王を守る、巌の壁であったという\n故に竜姿は、あらゆる護りの象徴である\n
4041	二体の金の古竜の描かれたタリスマン\n聖カット率を大きく高める\n\n黄金樹なき先史時代の主たる古竜は\n王を守る、巌の壁であったという\n故に竜姿は、あらゆる護りの象徴である\n
4042	三体の金の古竜の描かれたタリスマン\n聖カット率を、とても大きく高める\n\n黄金樹なき先史時代の主たる古竜は\n王を守る、巌の壁であったという\n故に竜姿は、あらゆる護りの象徴である\n
4043	
4044	
4045	
4046	
4047	
4048	
4049	
4050	真珠色の古竜の描かれたタリスマン\n物理以外のカット率を高める\n\n黄金樹なき先史時代の主たる古竜は\n王を守る、巌の壁であったという\n故に竜姿は、あらゆる護りの象徴である\n
4051	二体の真珠色の古竜の描かれたタリスマン\n物理以外のカット率を大きく高める\n\n黄金樹なき先史時代の主たる古竜は\n王を守る、巌の壁であったという\n故に竜姿は、あらゆる護りの象徴である\n
4052	三体の真珠色の古竜の描かれたタリスマン\n物理以外のカット率を、とても大きく高める\n\n黄金樹なき先史時代の主たる古竜は\n王を守る、巌の壁であったという\n故に竜姿は、あらゆる護りの象徴である\n
4053	
4054	
4055	
4056	
4057	
4058	
4059	
4060	古い時代、人の身体に生じたという\n諸相の混ざった鱗のタリスマン\n\n致命の一撃のダメージを軽減する\n\nそれは、生命の原初たる坩堝の名残である\n部分的な先祖返りであり、古くは神聖視されたが\n文明の後には穢れとして扱われた\n
4061	
4062	
4063	
4064	
4065	
4066	
4067	
4068	
4069	
4070	古い時代、人の身体に生じたという\n諸相の混ざった羽のタリスマン\n\nローリングの回避を強化するが\n常に、被ダメージも大きくなる\n\nそれは、生命の原初たる坩堝の名残である\n部分的な先祖返りであり、古くは神聖視されたが\n文明の後には穢れとして扱われた\n
4071	
4072	
4073	
4074	
4075	
4076	
4077	
4078	
4079	
4080	古代の死儀礼に由来するタリスマン\n青羽のそれは、ＨＰが減少したとき\n防御力を高める\n\n死に近付くは高揚である\nそれでこそ、懸命に生に縋り付き\n捧げるべき死が生まれる\n
4081	
4082	
4083	
4084	
4085	
4086	
4087	
4088	
4089	
4090	かつて黄金樹に捧げられた闘いの\n儀式の盾を模したタリスマン\n\nＨＰが最大のとき、防御力を高める\n\n王配ラダゴンの時代、捧闘は廃れてしまった\n各地に残る闘技場は、その名残である\n
4091	
4092	
4093	
4094	
4095	
4096	
4097	
4098	
4099	
4100	大盾と騎士を象ったタリスマン\nガード強度を高める\n\nかつて、ローデイルの騎士たちは\nツリーガードのあり様を範とした\n守るべきもののために、剣より先に\nまず盾を構えたのだ\n
4101	
4102	
4103	
4104	
4105	
4106	
4107	
4108	
4109	
4110	古い時代、人の身体に生じたという\n諸相の混ざった瘤のタリスマン\n\nヘッドショットのダメージと、衝撃を軽減する\n\nそれは、生命の原初たる坩堝の名残である\n部分的な先祖返りであり、古くは神聖視されたが\n文明の後には穢れとして扱われた\n
5000	黄金樹の種子を模した、緋色のタリスマン\n緋雫の聖杯瓶の回復量を高める\n\nかつて黄金樹は、永遠にして完全であった\n故にその種子は、存在しないとされていた\n
5001	
5002	
5003	
5004	
5005	
5006	
5007	
5008	
5009	
5010	黄金樹の種子を模した、青色のタリスマン\n青雫の聖杯瓶の回復量を高める\n\nかつて黄金樹は、永遠にして完全であった\n故にその種子は、存在しないとされていた\n
5011	
5012	
5013	
5014	
5015	
5016	
5017	
5018	
5019	
5020	黄金樹の恵みたる雫\nその受領の様を模したタリスマン\n\nＨＰをゆっくりと回復する\n\nかつて、恵みの雫は尽きぬ滴りであったという\n豊穣の時代、けれどそれはごく短く\n黄金樹は信仰となっていった\n
5021	
5022	
5023	
5024	
5025	
5026	
5027	
5028	
5029	
5030	火山館の主、法務官ライカードの\n厳格な肖像が刻まれたタリスマン\n\n敵を倒したとき、ＨＰを回復する\n\nライカードが背律の冒涜を誓ったとき\nあらゆる略奪は肯定された\n神自身がそうであるように\n
5031	
5032	
5033	
5034	
5035	
5036	
5037	
5038	
5039	
5040	すべやかな肌を縫い合わせた\n神肌の使徒たちの聖布\n\n攻撃が連続すると、ＨＰを回復する\n\n産まれたばかりの使徒は\nこれに包まれ、宵眼の女王に抱かれる\nそして神の死となるのだ\n
5041	
5042	
5043	
5044	
5045	
5046	
5047	
5048	
5049	
5050	緋色に染まった、捻じくれた凶刃\n致命の一撃によりＨＰを回復する\n\nそれは、かつて陰謀の夜に閃き\nデミゴッドに最初の死をもたらした\n黒き刃の似姿である\n
5051	
5052	
5053	
5054	
5055	
5056	
5057	
5058	
5059	
5060	青色に染まった、捻じくれた凶刃\n致命の一撃によりＦＰを回復する\n\nそれは、かつて陰謀の夜に閃き\nデミゴッドに最初の死をもたらした\n黒き刃の似姿である\n
6000	暗闇の霧を封じた神秘の小瓶\n\n装備者の立てる音を完全に消す\n\n円卓の暗部が用いたという呪具\nかつて、導きを外れた褪せ人は\n静寂に怯えていた\n
6001	
6002	
6003	
6004	
6005	
6006	
6007	
6008	
6009	
6010	光沢のある暗い布を纏めたタリスマン\n\n敵から離れていれば\nしゃがんだ状態で、装備者の姿を完全に消す\n\nかつて、黒き刃の刺客たちが\n陰謀の夜にその姿を隠したヴェールの一部\n
6011	
6012	
6013	
6014	
6015	
6016	
6017	
6018	
6019	
6020	盾に王家の紋章を象ったタリスマン\n\n戦技の消費ＦＰが少なくなる\n\nかつて、カーリア騎士の中でも\n王女の直参に与えられたという徽章\n当代の王女は唯一人、レナラの娘、ラニである\n
6040	長尾猫のラクリマを象ったブローチ\n\n落下ダメージを完全になくす\nただし、落下死亡を防ぐことはできない\n\nそれは、レアルカリアのお伽話に登場する\n大鐘楼に遊ぶ妖精猫である\n
6041	
6042	
6043	
6044	
6045	
6046	
6047	
6048	
6049	
6050	目を潰された狂気の肖像\n媚びるような薄笑いを浮かべている\n\n敵に狙われやすくなる\n\nシャブリリという名のその男は\n讒言の罰として、人々に瞳を潰され\nやがてそこに、狂い火の病を宿したという\n
6051	
6052	
6053	
6054	
6055	
6056	
6057	
6058	
6059	
6060	皮膚を剥がされた狂気の肖像\n慈しみの薄笑いを浮かべている\n\n被ダメージが増える\n\nデーディカという名のその女は\nあらゆる不義、姦通を行い\n無数の異形の子をなしたという\n
6061	
6062	
6063	
6064	
6065	
6066	
6067	
6068	
6069	
6070	折れそうに細い、枯れ枝のタリスマン\n\n死亡時にルーンを落とさず\n替わりに、このタリスマンが失われる\n\nそれは、古い時代に枝打ちされた\n黄金樹の一部であるという\n
6071	
6072	
6073	
6074	
6075	
6076	
6077	
6078	
6079	
6080	金色の人影を写す、小さな曇り鏡\n\n鉤指の主と同様の見た目となる\n\n侵入者を欺くために作られた\n褪せ人の呪具のひとつ\n
6081	
6082	
6083	
6084	
6085	
6086	
6087	
6088	
6089	
6090	生身の人影を写す、小さな曇り鏡\n\n召喚された協力者と同様の見た目となる\n\n侵入者を欺くために作られた\n褪せ人の呪具のひとつ\n
6091	
6092	
6093	
6094	
6095	
6096	
6097	
6098	
6099	
6100	奇妙に歪んだ神秘的な円環\n立ち振舞いが変化する
6101	
6102	
6103	
6104	
6105	
6106	
6107	
6108	
6109	
6110	祖霊の王の角を切り取ったもの\n\n敵を倒したとき、ＦＰを回復する\n\n倒れた王の角を苗床に\n幾つもの若芽が開き、光を放っている\nそれは、死から芽吹いた命であり\n死から力を得る\n
