2220	調香瓶を模したタリスマン\n調香術の威力を高める\n\n調香師には、彼らだけが知る花園がある\n高原の辺縁に、あるいは隠された洞窟に\nそこで花々は、ただ香るためだけに咲く\n
7000	緋色の琥珀が嵌めこまれたメダリオン\nＨＰの最大値を、最も大きく上昇させる\n\n琥珀とは、黄金樹の古い雫であり\n最初のエルデの王、ゴッドフレイの時代に\n特別な宝石として扱われた\n\n最も大きなそれは、卓越した黄金の騎士\nゴッドウィンの近衛たちに授けられたという\n
7001	
7002	
7003	
7004	
7005	
7006	
7007	
7008	
7009	
7010	青色の琥珀が嵌めこまれたメダリオン\nＦＰの最大値を、最も大きく上昇させる\n\n琥珀とは、黄金樹の古い雫であり\n最初のエルデの王、ゴッドフレイの時代に\n特別な宝石として扱われた\n\n最も大きなそれは、卓越した黄金の騎士\nゴッドウィンの近衛たちに授けられたという\n
7011	
7012	
7013	
7014	
7015	
7016	
7017	
7018	
7019	
7020	緑色の琥珀が嵌めこまれたメダリオン\nスタミナの最大値を、最も大きく上昇させる\n\n琥珀とは、黄金樹の古い雫であり\n最初のエルデの王、ゴッドフレイの時代に\n特別な宝石として扱われた\n\n最も大きなそれは、卓越した黄金の騎士\nゴッドウィンの近衛たちに授けられたという\n
7021	
7022	
7023	
7024	
7025	
7026	
7027	
7028	
7029	
7030	双頭の緑亀を象ったタリスマン\nスタミナの回復速度を、大きく高める\n\n亀は、滋養のある食材として知られ\n尽きぬ力の象徴とされた\n\n特に、双頭のそれは\n絡みあう首が螺旋に似ることから\n塔の地で好まれる題材である\n
7031	
7032	
7033	
7034	
7035	
7036	
7037	
7038	
7039	
7040	角人たちが祭祀に用いる装身具\n頑健耐性を、とても大きく高める\n（頑健は、出血や冷気に対する耐性である）\n\n角人たちにとって、角は神聖であり\nだからこそ、彼らは選ばれた民である\n\n新たな芽生えを繰り返した、混じり角は\n特に霊長を示す徴とされている\n
7041	
7042	
7043	
7044	
7045	
7046	
7047	
7048	
7049	
7050	角人たちが祭祀に用いる装身具\n免疫耐性を、とても大きく高める\n（免疫は、毒や腐敗に対する耐性である）\n\n角人たちにとって、角は神聖であり\nだからこそ、彼らは選ばれた民である\n\n新たな芽生えを繰り返した、混じり角は\n特に霊長を示す徴とされている\n
7051	
7052	
7053	
7054	
7055	
7056	
7057	
7058	
7059	
7060	角人たちが祭祀に用いる装身具\n正気耐性を、とても大きく高める\n（正気は、睡眠や発狂に対する耐性である）\n\n角人たちにとって、角は神聖であり\nだからこそ、彼らは選ばれた民である\n\n新たな芽生えを繰り返した、混じり角は\n特に霊長を示す徴とされている\n
7080	角人たちが祭祀に用いる装身具\nその、特に彩られた貴重なもの\n\n免疫、頑健、正気の耐性を、とても大きく高める\n\n角人たちにとって、角は神聖であり\nだからこそ、彼らは選ばれた民である\n\n新たな芽生えを繰り返した、混じり角は\n特に霊長を示す徴とされている\n
7081	
7082	
7083	
7084	
7085	
7086	
7087	
7088	
7089	
7090	青い古竜が大きく描かれたタリスマン\n魔力カット率を、最も大きく高める\n\n黄金樹なき先史時代の主たる古竜は\n王を守る、巌の壁であったという\n故に竜姿は、あらゆる護りの象徴である\n
7091	
7092	
7093	
7094	
7095	
7096	
7097	
7098	
7099	
7100	赤い古竜が大きく描かれたタリスマン\n炎カット率を、最も大きく高める\n\n黄金樹なき先史時代の主たる古竜は\n王を守る、巌の壁であったという\n故に竜姿は、あらゆる護りの象徴である\n
7101	
7102	
7103	
7104	
7105	
7106	
7107	
7108	
7109	
7110	黄色い古竜が大きく描かれたタリスマン\n雷カット率を、最も大きく高める\n\n黄金樹なき先史時代の主たる古竜は\n王を守る、巌の壁であったという\n故に竜姿は、あらゆる護りの象徴である\n
7111	
7112	
7113	
7114	
7115	
7116	
7117	
7118	
7119	
7120	切り落とされた黄金の編み髪\n女王マリカの、大母への供物\n\n聖カット率を、最も大きく高める\n\n彼女が何を祈り、願い、告解したのか\n知る者は誰もいない。ただその後に\nマリカが故郷に戻ることはなかった\n
7121	
7122	
7123	
7124	
7125	
7126	
7127	
7128	
7129	
7130	真珠色の古竜が大きく描かれたタリスマン\n物理以外のカット率を、最も大きく高める\n\n黄金樹なき先史時代の主たる古竜は\n王を守る、巌の壁であったという\n故に竜姿は、あらゆる護りの象徴である\n
7131	
7132	
7133	
7134	
7135	
7136	
7137	
7138	
7139	
7140	黄金樹の種子を模した、緋色のタリスマン\n緋雫の聖杯瓶の回復量を、大きく高める\n\n存在しないとされる種子のタリスマン\n最古のそれには、二本指が象られている\nそれは、黄金樹の始りを示すものだろうか\n
7141	
7142	
7143	
7144	
7145	
7146	
7147	
7148	
7149	
7150	黄金樹の種子を模した、青色のタリスマン\n青雫の聖杯瓶の回復量を、大きく高める\n\n存在しないとされる種子のタリスマン\n最古のそれには、二本指が象られている\nそれは、黄金樹の始りを示すものだろうか\n
8000	黄金樹の恵みたる雫\n青く輝くそれの、受領の様を模したタリスマン\n\nＦＰをゆっくりと回復する\n\nかつて、恵みの雫は尽きぬ滴りであったという\n豊穣の時代、けれどそれはごく短く\n黄金樹は信仰となっていった\n
8001	
8002	
8003	
8004	
8005	
8006	
8007	
8008	
8009	
8010	古い時代、人の身体に生じたという\n諸相の混ざった薄羽のタリスマン\n\nバックステップの回避を強化するが\n常に、被ダメージも大きくなる\n\n角人たちは、坩堝を神聖視する\nその洗練された進化の先に\n彼らの角、混じり角があるのだから\n
8011	
8012	
8013	
8014	
8015	
8016	
8017	
8018	
8019	
8020	外なる神の伝承が刻まれたタリスマン\n神秘を高める\n\n全てを焼かれ、奪われた民は\n貴いはずの先祖の遺体に、その影に\n異形の神性を見出したという\n\nその心が、惨く苛まれていたが故に\n彼らは、禍々しいそれに縋ったのだ\n
8021	
8022	
8023	
8024	
8025	
8026	
8027	
8028	
8029	
8030	割れてしまった要石\n\n足蹴りと、地を踏む技の威力を高める\n\nそれは地震を鎮めるとされる霊石であり\nこれが割れたとき、街も地に沈んだ\n一説には、月が落ちてきたのだという\n
8031	
8032	
8033	
8034	
8035	
8036	
8037	
8038	
8039	
8040	両手剣と戦士を象ったタリスマン\n両手持ちの攻撃を強化する\n\n角の戦士は、塔の守護者である\nその力は、塔の武威の象徴であり\n入神の一撃はすべてを断ったという\n
8041	
8042	
8043	
8044	
8045	
8046	
8047	
8048	
8049	
8050	掲げられた槍、そして火を象ったタリスマン\nメスメルと共に、聖戦に殉じた者たちの徽章\n\n敵を倒したとき、攻撃力が高まる\n\nひたすらに、穢れを貫き焼き尽くす\n慈悲などなく、名誉もない\n\nただ、それを聖戦と信じる者だけが\n絶命の声に高揚を見出すのだ\n
8051	
8052	
8053	
8054	
8055	
8056	
8057	
8058	
8059	
8060	完熟したブドウにも似た\n触れ得ざる翁の喜びを象ったタリスマン\n\n周囲で発狂状態が発生すると、攻撃力が高まる\n\n我らが王に、発狂を捧げよ\n皆にブドウを与えたまえ\n皆のブドウを、熟させたまえ\n
8061	
8062	
8063	
8064	
8065	
8066	
8067	
8068	
8069	
8070	羽矢と鉄矢を組み合わせたタリスマン\n\n弓の飛距離が上昇し\n矢やボルトによる射撃の攻撃力が高まる\n
8090	真珠色の大盾と騎士を象ったタリスマン\nガード時、物理以外のカット率を高める\n\n穢れの力は、得体が知れぬ\nだからこそ、騎士たちは全てに備えた\n
8091	
8092	
8093	
8094	
8095	
8096	
8097	
8098	
8099	
8100	乾ききった可憐な花束\n小さな墓標に手向けられたもの\n\n自分の召喚した霊体が死亡したとき\n攻撃力が高まる\n\n愛しき者の非業に、抱く思い\nそれは、何処でも変わらない\n
8101	
8102	
8103	
8104	
8105	
8106	
8107	
8108	
8109	
8110	古い鍛冶ハンマーを象ったタリスマン\n流紋文字が刻まれている\n\n武器を投擲する攻撃を強化する\n\n古では、鍛冶とは神事であった\n鍛冶師は、溶鋼に刻まれた皺に文字を見出し\n武器の魂を固着させたという\n
8111	
8112	
8113	
8114	
8115	
8116	
8117	
8118	
8119	
8120	病に死した様を象ったタリスマン\n\nある状態異常を発症した後、しばらくの間\n同じ状態異常に対する耐性を高める\n\n弱き者が、恐るべき蠅の病に罹った時\n変態より前に、その生命が尽きてしまう\nその死を看取り、丁重に葬った者だけは\n病に罹ることが無かったという\n
8121	
8122	
8123	
8124	
8125	
8126	
8127	
8128	
8129	
8130	黄金の交差樹を象った細工品\n針の騎士たちに授けられたひとつ\n\nローリング、バックステップからの攻撃を強化する\n\n針の騎士たちは、かつてミケラに仕えたが\n今はもう、誰も残っていない\n唯一人を除いて\n
8131	
8132	
8133	
8134	
8135	
8136	
8137	
8138	
8139	
8140	黄金の交差樹を象った細工品\n針の騎士たちに授けられたひとつ\n\nダッシュ攻撃を強化する\n\n針の騎士たちは、かつてミケラに仕えたが\n今はもう、誰も残っていない\n唯一人を除いて\n
8141	
8142	
8143	
8144	
8145	
8146	
8147	
8148	
8149	
8150	長弓と射手を象ったタリスマン\n精密射撃の攻撃力を高める\n\nしろがねの射手は技量に優れ\n恐るべき狙撃者として知られた\n
8151	
8152	
8153	
8154	
8155	
8156	
8157	
8158	
8159	
8160	聖女トリーナの微笑を象ったタリスマン\nある男が、心の深窓に住まわせた幻\n\n周囲で睡眠状態が発生すると、攻撃力が高まる\n\n私だけが、知っています\n貴女の昏い眠り、その甘い優しさを\nだから、笑ってください。私だけに\n
8161	
8162	
8163	
8164	
8165	
8166	
8167	
8168	
8169	
8170	ギザ山の暴竜を象ったタリスマン\nその咆哮が轟く時、ギザ山の溶岩は沸騰する\n\n溶岩の威力を高める\n\nその暴竜は、名をベールという\nかつて古竜の王に挑み、共に傷つき倒れた\n怒れる破壊者であるという\n
8171	
8172	
8173	
8174	
8175	
8176	
8177	
8178	
8179	
8180	塔の祭祀で行われる神獣の舞い\nその荒れ狂う様を象ったお守り\n\n嵐の威力を高める\n\n神獣は天の使いとされる\nその怒りは、空の乱れであり\n嵐とは、その最たるものである\n
8181	
8182	
8183	
8184	
8185	
8186	
8187	
8188	
8189	
8190	そっと輝石を持つ、老指を象ったタリスマン\n\n魔術と祈祷の使用速度を最大とするが\n被ダメージも大きくなる\n\nユミル卿は嘯く\n星の浪漫に思い馳せ、星屑を愛でる心があれば\n誰であれ、最高の魔術師になれます\n貴方、愛を知りなさい\n
8191	
8192	
8193	
8194	
8195	
8196	
8197	
8198	
8199	
8200	最初のエルデの王、ゴッドフレイの\n雫の受領の様を象ったタリスマン\n\n雫の聖杯瓶の使用時、強靭度を高める\n\n王の受領は堂々と力強く\n僅かに揺らぐことすらなかったという\n黄金樹の王は、大地に聳える\n
8201	
8202	
8203	
8204	
8205	
8206	
8207	
8208	
8209	
8210	ずっしりと重い、腐敗した金属\n緑青で作られた円盤\n\n装備重量が大きいほど、防御力が高まる\n\n重さは、強さである\nそれは、誰かを守る強さである\n
8211	
8212	
8213	
8214	
8215	
8216	
8217	
8218	
8219	
8220	双月の騎士、レラーナの\n凛々しい肖像が刻まれたタリスマン\n\n一定時間、構えを継続したとき\nその構えからの攻撃を強化する\n\n彼女に仕え、共に故郷を離れた者が\n忠誠以上の思いを切と刻んだもの\n\nどこまでも、お供させてください\n貴女の月の舟に乗って\n
8221	
8222	
8223	
8224	
8225	
8226	
8227	
8228	
8229	
8230	血の染みついた細刃の短刀\nもう、武器としては使用できない\n\n致命の一撃の後、攻撃力が高まる\n\n角人たちが、苦しむ同胞の介錯に用いたもの\n数多の命を奪い、その刃は欠けてしまったが\n替わりに、それは妖気を帯びた\n
8231	
8232	
8233	
8234	
8235	
8236	
8237	
8238	
8239	
8240	坩堝の諸相、その全てが混ざった巨大な塊\n\n致命の一撃とヘッドショットのダメージを軽減し\nローリング、バックステップの回避を強化するが\n常に、被ダメージも大きくなる\n\nかつて、巨人の身体に生じたものとされ\n塔の神話では、坩堝の母とも呼ばれている\n
