2000	戦技「落葉旋風脚」\n\nダン流蹴術の奥義たる戦技\n連続する回転蹴りで上昇し、最後に蹴り下ろす\n蹴撃は気を纏い、攻撃範囲が広い\n
2001	戦技「坩堝の諸相・翼」\n\n坩堝の生命に由来する戦技\n黄金の翼を生じ、飛翔して武器を掲げ突撃する\n両刃剣では、突撃は回転撃となる\n
4000	戦技「重力回転突き」\n\nかつて、白王に学んだ者たちが修めた重力の技\n重力で浮き上がった後、体ごと回転しながら突撃する\n追加入力で、もう一度突撃する\n
4001	
4002	
4003	
4004	
4005	
4006	
4007	
4008	
4009	
4010	戦技「発勁」\n\n落葉派と呼ばれる求道者たちの戦技\n気を込めた掌底を打ち出し、それを爆発させる\n威力、衝撃ともに大きく、タメ使用で強化される\n
4011	
4012	
4013	
4014	
4015	
4016	
4017	
4018	
4019	
4020	戦技「貫通投擲」\n\n武器に強い捻りを加えて投擲する戦技\nそれは、常よりも長い距離を飛び\n敵の体を貫通する\n
4021	
4022	
4023	
4024	
4025	
4026	
4027	
4028	
4029	
4030	戦技「散弾投擲」\n\n鍛冶術により、両手に武器を複製し\n多数を同時に投擲する戦技\n追加入力で、もう一度投擲する\n
4031	
4032	
4033	
4034	
4035	
4036	
4037	
4038	
4039	
4040	戦技「囲む火花の香り」\n\n自らの周囲に広く香粉を散布し\n時間差で、大きな火花を生じる戦技\nタメ使用で強化され、火花の範囲が広がる\n火花の性質は、調香瓶の種類により変化する\n
4041	
4042	
4043	
4044	
4045	
4046	
4047	
4048	
4049	
4050	戦技「連なる火花の香り」\n\n前方に香粉を散布し、時間差で\n連なるように大きな火花を生じる戦技\n火花の性質は、調香瓶の種類により変化する\n
4051	
4052	
4053	
4054	
4055	
4056	
4057	
4058	
4059	
4060	戦技「獣の急襲」\n\n獣のような素早いステップから\n高く跳び、上空から敵を切り裂く戦技\nステップの方向は前後左右に制御でき\nまた、強攻撃で追撃に繋げられる\n
4061	
4062	
4063	
4064	
4065	
4066	
4067	
4068	
4069	
4070	戦技「獣爪撃」\n\n獣のごとき低い跳躍から\n左右の爪で、激しく敵を切り裂く戦技\n
4071	
4072	
4073	
4074	
4075	
4076	
4077	
4078	
4079	
4080	専用戦技「赤熊の狩り」\n\n腕を大きく振り上げ、鋭い爪で得物を屠る戦技\nその攻撃は真空を生じ、連続でダメージを与える\n追加入力で、二度まで追撃に繋げられる\n
4081	
4082	
4083	
4084	
4085	
4086	
4087	
4088	
4089	
4090	戦技「死角の一撃」\n\n敵の懐の低い位置に跳び込み\n側面の死角から、刃を突き立てる戦技\n跳び込む方向は左右に制御でき\nその攻撃はガードをかいくぐる\n
4091	
4092	
4093	
4094	
4095	
4096	
4097	
4098	
4099	
4100	戦技「速斬」\n\n角人の剣士に伝わる戦技\n瞬速の踏み込みから敵を斬る\nその一撃は鋭く、切り裂く真空を生じる\nタメ使用で強化され、踏み込む距離が伸びる\n
4101	
4102	
4103	
4104	
4105	
4106	
4107	
4108	
4109	
4110	戦技「大上段」\n\n頭上に高く剣を構える戦技　\n通常攻撃で、踏み込み斬り下ろし\n強攻撃で連続斬り下ろしに派生する\n
4111	
4112	
4113	
4114	
4115	
4116	
4117	
4118	
4119	
4120	戦技「片翼の構え」\n\n静かに右側に構え、攻撃に繋げる戦技\n通常攻撃で、高速の三連撃に\n強攻撃で、跳躍からの突きに派生する\n
4121	
4122	
4123	
4124	
4125	
4126	
4127	
4128	
4129	
4130	戦技「瞬雷」\n\nゴッドウィンに仕えた黄金の騎士たちの戦技\n低い構えから、自らを雷に変じ\n前方に高速移動する\n
4131	
4132	
4133	
4134	
4135	
4136	
4137	
4138	
4139	
4140	戦技「火の串刺し」\n\n火の騎士、クウィラインの戦技\n武器に火を纏わせ、低い姿勢で踏み込み\nそのまま一気に、敵を串刺しにする\n強攻撃で、追撃の火を放つ\n
4141	
4142	
4143	
4144	
4145	
4146	
4147	
4148	
4149	
4150	戦技「猛獅子斬り」\n\n赤獅子の中でも、特に勇猛な戦士の戦技\n前方に跳躍し、回転しながら武器を叩き付ける\n追加入力で、もう一度武器を叩き付ける\n
4151	
4152	
4153	
4154	
4155	
4156	
4157	
4158	
4159	
4160	戦技「神獣霜踏み」\n\n神獣獅子舞の振るう怒りの戦技\n足を振り上げ、大地に強く踏みしめ\n前方に、激しい霜の地走りを起こす\nタメ使用で強化され、地走りの範囲が広がる\n
4161	
4162	
4163	
4164	
4165	
4166	
4167	
4168	
4169	
4170	戦技「火の槍」\n\n火の騎士の筆頭、クードの戦技\n武器を突くように構え、前方に火の槍を放つ\nタメ使用で強化され、槍の飛距離も伸びる\n
4171	
4172	
4173	
4174	
4175	
4176	
4177	
4178	
4179	
4180	戦技「ロイヤル・カーリア」\n\nカーリアの王族に伝わる戦技\n剣身を魔力の大剣と化し、振り下ろす\n追加入力で、水平に広範囲を薙ぎ払う\nどちらの攻撃も、タメ使用で強化される\n
4181	
4182	
4183	
4184	
4185	
4186	
4187	
4188	
4189	
4190	戦技「悲痛の叫び」\n\n蹂躙された者たちの戦技\n叫び声をあげ、周囲の敵を怯ませると同時に\n深い恨みを思い出し、自らの攻撃力を高める\n自身のＨＰが減っているほど、効果が高い\n
4191	
4192	
4193	
4194	
4195	
4196	
4197	
4198	
4199	
4200	戦技「盾攻撃」\n\n盾による攻撃を行う戦技\n追加入力で、三度まで追撃に繋げられる\n
4201	
4202	
4203	
4204	
4205	
4206	
4207	
4208	
4209	
4210	戦技「エーゴンの竜狩り」\n\n竜の戦士、エーゴンの戦技\n大弓を半身に構え、咆哮と共に捻り射ることで\nその攻撃力を大きく高める\n
4211	
4212	
4213	
4214	
4215	
4216	
4217	
4218	
4219	
4220	戦技「霊炎呼び」\n\n突き出した武器に、霊炎を呼ぶ戦技\n通常攻撃で、霊炎を地に這わせて放ち\n強攻撃で、それを大きく爆発させる\n
5000	専用戦技「竜傷斬り」\n\n巨大な竜を狩るための戦技\nさざれ石の逆棘にオーラを纏わせ\n跳躍して、その頂点で叩き斬る\nまたタメ使用で、そのオーラを放つ\n
5001	
5002	
5003	
5004	
5005	
5006	
5007	
5008	
5009	
5010	専用戦技「針の貫き」\n\n針の騎士、レダの戦技\n十本の黄金の針を生じ、対象を一時に刺し貫く\nまた、刺し貫いた対象のあらゆる状態異常と\n特殊な効果を消し去る\n
5011	
5012	
5013	
5014	
5015	
5016	
5017	
5018	
5019	
5020	専用戦技「光」\n\n刀身に刻まれた光を解放する戦技\n剣を中空に掲げ、眩い光を生じ\n幾本もの光線で周囲を薙ぎ払う\nまた一時的に、自らの聖攻撃力が高まる\n
5021	
5022	
5023	
5024	
5025	
5026	
5027	
5028	
5029	
5030	専用戦技「闇」\n\n剣を中空に掲げ、闇で周囲を薙ぎ払う戦技\n聖属性のダメージを与えると共に\n一時的に、聖カット率を低下させる\n
5031	
5032	
5033	
5034	
5035	
5036	
5037	
5038	
5039	
5040	専用戦技「オンジの連星」\n\n亜人の剣聖の名を冠した戦技\n連なる輝石に魔力を込めた斬撃\n追加入力で、二度まで追撃に繋げられ\n追撃する度に強化される\n
5041	
5042	
5043	
5044	
5045	
5046	
5047	
5048	
5049	
5050	戦技「毒花は二度刺す」\n\n足元に朱い腐敗の棘を生じ、敵を刺す戦技\n既に毒あるいは腐敗状態の敵に追撃が成功すれば\n一気に大ダメージを与える\n
5080	専用戦技「回転ギロチン」\n\n武器の両端を持ち、体を反り返らせながら\n泥濘の刃で頭上から叩き斬る戦技\n追加入力で、スタミナの続く限り追撃し\n強攻撃で、跳躍からの回転攻撃に繋げられる\n
5081	
5082	
5083	
5084	
5085	
5086	
5087	
5088	
5089	
5090	専用戦技「終わりなき舞い」\n\n激しく舞い踊り、連続で斬撃を繰り出す戦技\n長押ししている間は、スタミナの続く限り\nその舞踏が終わることはない\n
5091	
5092	
5093	
5094	
5095	
5096	
5097	
5098	
5099	
5100	専用戦技「復讐の刃」\n\n敵の懐に走り込み、二刀を左右に斬り開く戦技\n長押しにより、走り込みの距離は長くなる\nまた、強攻撃で滅多斬りに繋げられる\n
5101	
5102	
5103	
5104	
5105	
5106	
5107	
5108	
5109	
5110	専用戦技「永眠の霧」\n\n前方広範囲に、昏紫の霧を生じる戦技\nその霧には、永眠の状態異常効果がある\n
5111	
5112	
5113	
5114	
5115	
5116	
5117	
5118	
5119	
5120	専用戦技「王朝鎌技」\n\n華麗に攻撃を回避し、敵と距離を取る戦技\n回避の方向は左右後ろに制御できる\n強攻撃で、前進からの斬り上げに繋げられ\n更なる強攻撃で、再び華麗に斬り下がる\n
5121	
5122	
5123	
5124	
5125	
5126	
5127	
5128	
5129	
5130	専用戦技「瞬雷・双斧」\n\n低い構えから、自らを雷に変じ\n前方に高速移動する戦技\n強攻撃で、雷を纏った回転斬りに繋げられる\n
5131	
5132	
5133	
5134	
5135	
5136	
5137	
5138	
5139	
5140	専用戦技「瞬雷・長柄斧」\n\n低い構えから、自らを雷に変じ\n前方に高速移動する戦技\n強攻撃で、雷を纏った跳躍斬りに繋げられる\n
5141	
5142	
5143	
5144	
5145	
5146	
5147	
5148	
5149	
5150	専用戦技「約束の王」\n\n二本の大剣にミケラの光を纏い\n光の柱を伴う斬撃を繰り出す戦技\n追加入力で、二度まで連撃に繋げられる\n
5151	
5152	
5153	
5154	
5155	
5156	
5157	
5158	
5159	
5160	専用戦技「影輪頭突き」\n\n影輪草の大花を叩きつけ\n衝撃波と共に敵を圧し潰す戦技\n追加入力で、二度まで追撃に繋げられる\n
5161	
5162	
5163	
5164	
5165	
5166	
5167	
5168	
5169	
5170	専用戦技「月と火の構え」\n\n二本の剣に魔力を込めて構え、魔術に繋げる戦技\n通常攻撃で、連続して輝石の光波を放ち\nまた強攻撃で、回転しながら周囲を火で薙ぎ払う\n光波は、追加入力で二度まで追撃に繋げられる\n
5171	
5172	
5173	
5174	
5175	
5176	
5177	
5178	
5179	
5180	専用戦技「デボニアの渦」\n\n坩堝の渦の力で、大槌全体を激しく回転させ\nそのまま、衝撃と共に大地に叩き付ける戦技\nタメ使用で強化される\n
5181	
5182	
5183	
5184	
5185	
5186	
5187	
5188	
5189	
5190	専用戦技「メスメルの強襲」\n\n刃に火を纏った激しい連撃の戦技\n追加入力で、二度まで追撃に繋げられ\nその最後に、周囲に無数の槍を生成する\n
5210	専用戦技「永遠に眠れ」\n\n永眠の毒針で、敵を深く刺し貫く戦技\n既に睡眠あるいは永眠状態の敵に追撃が成功すれば\n一気に大ダメージを与える\n
5211	
5212	
5213	
5214	
5215	
5216	
5217	
5218	
5219	
5220	専用戦技「黄金の磔」\n\n宙にふわりと飛び、頭上から突き下ろす戦技\n敵を貫いた時は、逆棘を開き内から酷く傷付け\nそうでない時は、追加入力で周囲に逆棘を展開する\nその敵を貫く様は、どこか黄金の律に似ている\n
5221	
5222	
5223	
5224	
5225	
5226	
5227	
5228	
5229	
5230	専用戦技「ムーアの突撃」\n\n両手で盾を構え、ガードしたまま突撃し\n最後に、緑青の魔力を込めて押し出す戦技\n周囲の敵を吹き飛ばすが、酷く傷付けることはない\n長押しで前進距離を伸ばすことができる\n
5231	
5232	
5233	
5234	
5235	
5236	
5237	
5238	
5239	
5240	専用戦技「白光の突撃」\n\n古隕鉄の裂け目に白い光を生じ\nその力で突撃し、敵を刺し貫く戦技\n追加入力で、その光を爆発させる\n
5241	
5242	
5243	
5244	
5245	
5246	
5247	
5248	
5249	
5250	専用戦技「怨霊斬り」\n\n体を回転させて、敵を斬りつけながら\n追いすがる怨霊を呼ぶ戦技\n追加入力で、追撃に繋げられる\n
5251	
5252	
5253	
5254	
5255	
5256	
5257	
5258	
5259	
5260	専用戦技「夜闇の斬撃」\n\n水平に構えた剣に夜の闇を纏い\n連続で、実体のない斬撃を繰り出す戦技\nガードすることはできず、タメ使用で強化される\n
5261	
5262	
5263	
5264	
5265	
5266	
5267	
5268	
5269	
5270	専用戦技「エウポリアの渦」\n\n渦の力で武器全体を激しく回転させ\nそのまま、前方を連続で斬りつける戦技\n輝きを取り戻しているほど、威力が高まる\n戦技の使用により、その輝きは失われる\n
5271	
5272	
5273	
5274	
5275	
5276	
5277	
5278	
5279	
5280	専用戦技「鍛冶術の槍」\n\n赤熱した鍛冶床を地面に叩きつける戦技\n引き抜きと共に、地面から無数の槍を生成する\nその槍はすぐに消えてしまう\n
5281	
5282	
5283	
5284	
5285	
5286	
5287	
5288	
5289	
5290	専用戦技「怨霊斬り」\n\n体を回転させて、敵を斬りつけながら\n追いすがる怨霊を呼ぶ戦技\n追加入力で、追撃に繋げられる\n
5291	
5292	
5293	
5294	
5295	
5296	
5297	
5298	
5299	
5300	専用戦技「ロミナの祓い」\n\n蕾の刃に朱い腐敗の蝶を纏わせ\n大きく二度、撫で斬りする戦技\nかつて、それは聖なる祓いであった\n
5301	
5302	
5303	
5304	
5305	
5306	
5307	
5308	
5309	
5310	専用戦技「毒の貫手」\n\n指先を前に向けながら差し出し\n敵の身体を、ずぶりと貫く戦技\n大量の猛毒を一気に蓄積する\n
5311	
5312	
5313	
5314	
5315	
5316	
5317	
5318	
5319	
5320	専用戦技「発狂の貫手」\n\n指先を前に向けながら差し出し\n敵の身体を、ずぶりと貫く戦技\n大量の発狂を一気に蓄積する\n
5321	
5322	
5323	
5324	
5325	
5326	
5327	
5328	
5329	
5330	専用戦技「弱き王の狂い火」\n\n松明を前方に掲げ、狂い火を撒き散らす戦技\n周囲および使用者自身に発狂を蓄積する\n長押している間は、ずっと継続し\n足を止めずに使用できる\n
5331	
5332	
5333	
5334	
5335	
5336	
5337	
5338	
5339	
5340	専用戦技「連弩の連射」\n\n連射機構を起動して構える戦技\nその構えから、手前のハンドルを回し\n連続でボルトを撃ち出すことができる\n
5341	
5342	
5343	
5344	
5345	
5346	
5347	
5348	
5349	
5350	専用戦技「災いの舞い」\n\n両手に円の刃を持ち\n激しい回転で敵を切り裂く戦技\n追加入力で、鋭い踵落としに繋げられる\n
5351	
5352	
5353	
5354	
5355	
5356	
5357	
5358	
5359	
5360	専用戦技「扇射ち」\n\n水平に弓を構える戦技\n八本もの矢を同時につがえ\n扇状に射ることができる\n
5361	
5362	
5363	
5364	
5365	
5366	
5367	
5368	
5369	
5370	専用戦技「円盤投擲」\n\n鍛冶術による投擲の戦技\n円盤のように投擲された盾は\n一時滞空した後、縦回転しながら対象に向かう\n
5371	
5372	
5373	
5374	
5375	
5376	
5377	
5378	
5379	
5380	専用戦技「花の竜雷」\n\n対象に古竜の赤い落雷を落とす戦技\n雷属性のダメージを与えると共に\n一時的に、雷カット率を低下させる\nタメ使用で強化される\n
5381	
5382	
5383	
5384	
5385	
5386	
5387	
5388	
5389	
5390	専用戦技「叩頭憤怒」\n\n指頭で激しくお辞儀をする戦技\nそのままに憤怒をため爆発させる\n長押しにより、憤怒は大きくなる\n
5420	専用戦技「痛打」\n\n特に痛みを与えるための鞭の一撃\n一時的にスタミナ回復速度を低下させる\nそして、痛みは人を従順にする\n
5421	
5422	
5423	
5424	
5425	
5426	
5427	
5428	
5429	
5430	専用戦技「孤月斬り」\n\n大剣を鋭く斬り下ろし\n弧状の光波を前方に放つ戦技\n強攻撃で、前進する追撃に繋げられる\n
5431	
5432	
5433	
5434	
5435	
5436	
5437	
5438	
5439	
5440	専用戦技「夜の返報」\n\n夜の闇に魔力を込めて放つ戦技\n攻撃をガードした直後に使うことで\nその力を吸収し、威力が増す\n
5441	
5442	
5443	
5444	
5445	
5446	
5447	
5448	
5449	
5450	専用戦技「草刈り」\n\n大きく剣を薙ぎ、無造作に人を刈る戦技\n追加入力で、攻撃を継続することができ\nスタミナが尽きるまで続けられる\n
5451	
5452	
5453	
5454	
5455	
5456	
5457	
5458	
5459	
5460	専用戦技「幸せな目隠し」\n\n瞳を塞ぎながら顔を揺らし、嘆き声と共に\n使用者の姿を一時的に見え難くする戦技\n幸せになりたければ、何も見ないことだ\n
5461	
5462	
5463	
5464	
5465	
5466	
5467	
5468	
5469	
5470	専用戦技「イオリの責問」\n\n大杖を突きつけるように掲げ\n逆棘の似姿たる黄金の弧を連続で放つ戦技\n長押しにより、暫くの間放ち続ける\n
5471	
5472	
5473	
5474	
5475	
5476	
5477	
5478	
5479	
5480	専用戦技「咆哮バッシュ」\n\n黄金獅子の咆哮と共に\nガードしたままの盾を叩き付ける戦技\n敵を押し出し、よろめかせる範囲が広い\n
5481	
5482	
5483	
5484	
5485	
5486	
5487	
5488	
5489	
5490	専用戦技「猛毒散布」\n\n調香瓶を頭上で大きく振り回し\n広範囲に猛毒の香粉を散布する戦技\n猛毒は美しく舞い、静かに降り注ぐ\n
5491	
5492	
5493	
5494	
5495	
5496	
5497	
5498	
5499	
5500	専用戦技「蛇よ燃えろ」\n\n蛇の内にある火を燃え上がらせ\n一時的に、炎攻撃力を高める戦技\nその状態で、強攻撃などで地面を叩いたとき\n衝撃により爆発が発生する\n
5501	
5502	
5503	
5504	
5505	
5506	
5507	
5508	
5509	
5510	専用戦技「散弾投擲・爪」\n\n鍛冶術により、両手に爪を複製し\n多数を同時に投擲する戦技\n追加入力で、もう一度投擲する\n
5511	
5512	
5513	
5514	
5515	
5516	
5517	
5518	
5519	
5520	専用戦技「刃研ぎ」\n\n刃を撫でるように研ぐことで\n切れ味を高め、ＨＰの回復量を増す戦技\n大壺師たちは、生業の道具を大事にする\n
5521	
5522	
5523	
5524	
5525	
5526	
5527	
5528	
5529	
5530	専用戦技「角降ろし」\n\n刀身に混じり角を降ろす戦技\nそのまま武器を地面に刺し\n突き上げる角の刺を生成する\n
5531	
5532	
5533	
5534	
5535	
5536	
5537	
5538	
5539	
5540	専用戦技「角降ろし・嵐」\n\n刀身に混じり角を降ろす戦技\nその角に嵐を呼び、敵を薙ぎ払う\n追加入力で、二度まで追撃に繋げられる\n
5541	
5542	
5543	
5544	
5545	
5546	
5547	
5548	
5549	
5550	専用戦技「巨剣陣」\n\nトロルの魔術騎士たちの戦技\n巨大な魔力の輝剣で、円陣を展開する\n輝剣は、自動的に近い敵に向かい飛ぶ\n強攻撃で、大きく踏み込む突きに繋げられる\n
5551	
5552	
5553	
5554	
5555	
5556	
5557	
5558	
5559	
5560	専用戦技「血鬼の血授」\n\n聖槍を掲げ、真実の母の身体を刺す戦技\n対象の周囲に血炎の爆発を生じる\n追加入力で、三度まで連続で使用できる\n
5561	
5562	
5563	
5564	
5565	
5566	
5567	
5568	
5569	
5570	専用戦技「竜姿の炎」\n\n竜姿の口から炎を吹かせる戦技\n左右に揺れながら、前方を焼き払う\nその炎は、少しの間、地面を燃やし続ける\n
5571	
5572	
5573	
5574	
5575	
5576	
5577	
5578	
5579	
5580	専用戦技「光速斬」\n\n自ら光となって跳び、光速で斬り下ろす戦技\nその攻撃には、連続で光の追撃が発生する\nタメ使用で強化され、追撃数が増える\n
5600	専用戦技「怨霊撃ち」\n\n矢に怨霊を呼び、それを連続で射る戦技\n怨霊の矢は、敵に追いすがるように飛ぶ\n
