1030000	十字の地図を手に入れました\nインベントリから確認してください
1030001	十字の地図を手に入れました\nインベントリから確認してください
1030002	
1030003	
1030004	
1030005	
1030006	
1030007	
1030008	
1030009	
1030010	遺跡の地図を手に入れました\nインベントリから確認してください
1030011	遺跡の地図を手に入れました\nインベントリから確認してください
1030012	遺跡の地図を手に入れました\nインベントリから確認してください
1030013	
1030014	
1030015	
1030016	
1030017	
1030018	
1030019	
1030020	刻まれた言葉が、心に浮かぶ\n「我が左腕を、ここに棄てる」
1030021	刻まれた言葉が、心に浮かぶ\n「我が瞳を、ここに棄てる」
1030022	刻まれた言葉が、心に浮かぶ\n「我が最初の肉体を、ここに棄てる」
1030023	刻まれた言葉が、心に浮かぶ\n「我が肉体を削り、ここに棄てる」
1030024	刻まれた言葉が、心に浮かぶ\n「我が心臓を、ここに棄てる」
1030025	刻まれた言葉が、心に浮かぶ\n「我が迷いを、ここに棄てる」
1030026	刻まれた言葉が、心に浮かぶ\n「我が最後の肉体を、ここに棄てる」
1030027	刻まれた言葉が、心に浮かぶ\n「我が肉体を削り、ここに棄てる」
1030028	刻まれた言葉が、心に浮かぶ\n「全ての恐れを、ここに棄てる」
1030029	刻まれた言葉が、心に浮かぶ\n「我が愛を、ここに棄てる」
1030030	私の愛しい子、儚いユーリ
1030031	
1030032	
1030033	
1030034	
1030035	
1030036	
1030037	
1030038	
1030039	
1030040	何処かで、大ルーンが壊れた
1030041	魅了の力も、壊れたようだ
1030042	
1030043	
1030044	
1030045	
1030046	
1030047	
1030048	
1030049	
1030050	刻まれた言葉が、心に浮かぶ\n「我が肉体を削り、ここに棄てる」
1030051	刻まれた言葉が、心に浮かぶ\n「我が右腕を、ここに棄てる」
1030052	刻まれた言葉が、心に浮かぶ\n「我が肉体を削り、ここに棄てる」
2020000	影の地に向かいますか？
2020001	
2020002	影に隠され、封印されている
2020003	
2020004	ミケラにより封印されている
2020025	石鞘の剣を、光に捧げますか？
2020026	石鞘の剣を、闇に捧げますか？
2020027	ダークソードを、光に捧げますか？
2020028	ライトソードを、闇に捧げますか？
2020029	
2020030	どこかで、霊気流の封印が解けた
2030000	封印の木を焼きますか？
2030001	封印の木が、塔を影に隠している\n「メスメルの火種」がなければ、焼くことはできない
2062000	狭間の中心\nあらゆる死が流れ着き\nあらゆる死を鎮める
2080601	「針の騎士、レダ」の協力者として召喚されますか？
2080602	「老兵アンスバッハ」の協力者として召喚されますか？
2080603	「針の騎士、レダ」の協力者として召喚されますか？
2080604	「角人」の協力者として召喚されますか？
2080605	「針の騎士、レダ」と同志たちの、敵対者として召喚されますか？
2080800	「竜の戦士、エーゴン」を召喚しますか？
2080801	
2080802	
2080803	
2080804	
2080805	
2080806	
2080807	
2080808	
2080809	
2080810	「ティエリエ」を召喚しますか？
2080840	「純血騎士、アンスバッハ」を召喚しますか？\nこの協力者は、後ほど召喚されます
2080841	
2080842	
2080843	
2080844	
2080845	
2080846	
2080847	
2080848	
2080849	
2080850	「ティエリエ」を召喚しますか？\nこの協力者は、後ほど召喚されます
2080851	
2080852	
2080853	
2080854	
2080855	
2080856	
2080857	
2080858	
2080859	
2080860	「血の貴族、ナタン」を召喚しますか？\nこの協力者は、後ほど召喚されます
2080861	
2080862	
2080863	
2080864	
2080865	
2080866	
2080867	
2080868	
2080869	
2080870	「角人」を召喚しますか？
2080871	
2080872	
2080873	
2080874	
2080875	
2080876	
2080877	
2080878	
2080879	
2080880	「夜の剣士、ヨラーン」を召喚しますか？
20208004	<?gdsparam@2008004?>を使いました
20208005	<?gdsparam@2008005?>を使いました
20208006	<?gdsparam@2008006?>を使いました
20208007	
20208008	
20208009	
20208010	
20208011	
20208012	
20208013	<?gdsparam@2008013?>を使いました
20208014	
20208015	
20208016	
20208017	
20208018	
20208019	
20208020	
20208021	
20208022	
20208023	<?gdsparam@2008023?>を使いました
20208036	<?gdsparam@2008036?>を使いました
