10010670	タリスマンの効果により\n死亡しても所持ルーンを落としませんでした\n犠牲の細枝は失われました
10010671	
10010672	
10010673	
10010674	
10010675	
10010676	
10010677	
10010678	
10010679	
10010680	霊薬の効果により\n死亡しても所持ルーンを落としませんでした
10010800	<?gdsparam@390?>を使いますか？
10010801	<?gdsparam@2950?>を使いますか？
10010802	<?gdsparam@2951?>を使いますか？
10010803	<?gdsparam@2952?>を使いますか？
10010804	<?gdsparam@2953?>を使いますか？
10010805	<?gdsparam@2954?>を使いますか？
10010806	<?gdsparam@2955?>を使いますか？
10010807	<?gdsparam@2956?>を使いますか？
10010808	<?gdsparam@2957?>を使いますか？
10010809	<?gdsparam@2958?>を使いますか？
10010810	<?gdsparam@2959?>を使いますか？
10010811	<?gdsparam@2960?>を使いますか？
10010812	<?gdsparam@2961?>を使いますか？
10010813	<?gdsparam@2962?>を使いますか？
10010814	<?gdsparam@2963?>を使いますか？
10010815	<?gdsparam@2964?>を使いますか？
10010830	ミケラの針で、狂い火を鎮めますか？
10010831	
10010832	
10010833	
10010834	
10010835	
10010836	
10010837	
10010838	
10010839	
10010840	謁見の地に移動しますか？
10011954	ルーンを全て失い、最後に訪れた祝福に移動します\nよろしいですか？
20000001	指薬の効果を解除します。よろしいですか？
20000002	
20000003	
20000004	
20000005	
20000006	
20000007	
20000008	
20000009	
20000010	他世界への侵入を試みます。範囲を選んでください
20000011	他世界への侵入を取り消しますか？
20000012	
20000013	
20000014	
20000015	近辺のみ
20000016	遠方を含む
20000017	
20000018	
20000019	
20000020	
20000021	召喚要請を取り消しますか？
20000022	
20000023	
20000024	
20000025	
20000026	
20000027	
20000028	
20000029	
20000030	
20000031	召喚要請に応える状態を解除しますか？
20000032	
20000033	
20000034	
20000035	
20000036	
20000037	
20000038	
20000039	
20000040	侵入者を招き寄せますか？
20000041	侵入者の招き寄せを解除しますか？
20000042	
20000043	
20000044	
20000045	
20000046	
20000047	
20000048	
20000049	
20000050	サイン溜まりに、協力サインを送ります。範囲を選んでください
20000051	サイン溜まりに送った、協力サインを取り消しますか？
20000052	
20000053	
20000054	
20000055	近辺のみ
20000056	遠方を含む
20000057	
20000058	
20000059	
20000060	サイン溜まりに、敵対サインを送ります。範囲を選んでください
20000061	サイン溜まりに送った、敵対サインを取り消しますか？
20000062	
20000063	
20000064	
20000065	近辺のみ
20000066	遠方を含む
20000067	
20000068	
20000069	
20000070	元の世界に戻りますか？
20000600	召喚した霊体を帰還させますか？
20000601	
20000602	
20000603	
20000604	
20000605	
20000606	
20000607	
20000608	
20000609	
20000610	新しい霊体を召喚すると、召喚されている霊体は帰還します\nよろしいですか？
20000700	対象の「夢の霧」は取得済です
20000800	死亡した霊馬を再度呼び出しますか？\n緋雫の聖杯瓶が１つ消費されます
