2000300	ヒビ大壺を使った製作アイテムのひとつ\n火を生じる素材を混ぜ合わせ、大壺に封じたもの\n\n敵に投げつけ、とても大きな炎ダメージを与える\n
2000301	
2000302	
2000303	
2000304	
2000305	
2000306	
2000307	
2000308	
2000309	
2000310	ヒビ大壺を使った製作アイテムのひとつ\n砕いた岩を詰めただけの、単純な大壺\n\n敵に投げつけ、大きなダメージを与える\n
2000311	
2000312	
2000313	
2000314	
2000315	
2000316	
2000317	
2000318	
2000319	
2000320	ヒビ大壺を使った製作アイテムのひとつ\n雷を生じる素材を混ぜ合わせ、大壺に封じたもの\n\n敵に投げつけ、とても大きな雷ダメージを与える\n
2000321	
2000322	
2000323	
2000324	
2000325	
2000326	
2000327	
2000328	
2000329	
2000330	ヒビ大壺を使った製作アイテムのひとつ\n排泄物などを混ぜ合わせ、大壺に封じたもの\nそれは発酵し、毒素と悪臭を増し溢れ出る\n\n敵に投げつけ、大きく猛毒を蓄積する\n\n猛毒は、これを持つ者にも徐々に蓄積する\n糞の穴はいつだって汚れているものだ\n
2000331	
2000332	
2000333	
2000334	
2000335	
2000336	
2000337	
2000338	
2000339	
2000340	ヒビ大壺を使った製作アイテムのひとつ\n排泄物などを混ぜ合わせ、大壺に封じたもの\n\n敵に投げつけ、血蠅の大群が襲いかかる\n蠅どもは、ダメージと共に大きく出血を蓄積し\n耳障りな羽音は、狂兵の正気を蝕む\n\n排泄物の蛆は、血を糧に育ち蠅となる\nその蠅は凶暴で、だが憐れに儚い\n
2000360	ヒビ大壺を使った製作アイテムのひとつ\n氷結した素材を混ぜ合わせ、大壺に封じたもの\n\n敵に投げつけ、大きく冷気を蓄積する\n
2000361	
2000362	
2000363	
2000364	
2000365	
2000366	
2000367	
2000368	
2000369	
2000370	ヒビ大壺を使った製作アイテムのひとつ\n毒を持った素材を混ぜ合わせ、大壺に封じたもの\n\n敵に投げつけ、大きく毒を蓄積する\n
2000371	
2000372	
2000373	
2000374	
2000375	
2000376	
2000377	
2000378	
2000379	
2000380	ヒビ大壺を使った製作アイテムのひとつ\n油を含んだ素材を混ぜ合わせ、大壺に封じたもの\n\n敵に投げつけ、ひどく油まみれにする\nひどく油まみれになった敵に対しては\n炎ダメージが、とても大きくなる\n
2000600	ヒビ大壺を使った製作アイテムのひとつ\n高温のガス石を砕き、大壺に封じたもの\n\n敵に投げつけ、強い熱気を生じ\n触れるものに大きな炎ダメージを与える\n熱気は、少しの間その場に留まる\n
2000620	ヒビ大壺を使った製作アイテムのひとつ\n狂い火の素材を混ぜ合わせ、大壺に封じたもの\n\n敵に投げつけ、大きく発狂を蓄積する\n\n狂い火は瞳を焼き、やがて安らぎをもたらす\nこれは救いの壺である\n
2000650	ヒビ大壺を使った製作アイテムのひとつ\n古い死の呪術が施されている\n\nＦＰを消費して、敵に投げつけ\n多くの追いすがる怨霊たちを生じる\n\n古い時代、死は霊炎に焼かれた\n怨霊はその燃え滓であるという\n
2000651	
2000652	
2000653	
2000654	
2000655	
2000656	
2000657	
2000658	
2000659	
2000660	ヒビ大壺を使った製作アイテムのひとつ\n魔力を生じる素材を混ぜ合わせ、大壺に封じたもの\n\n敵に投げつけ、とても大きな魔力ダメージを与える\n
2000661	
2000662	
2000663	
2000664	
2000665	
2000666	
2000667	
2000668	
2000669	
2000670	ヒビ大壺を使った製作アイテムのひとつ\n腐敗した素材を混ぜ合わせ、大壺に封じたもの\n\n敵に投げつけ、大きく腐敗を蓄積する\n\n腐敗は、外なる神の神性のひとつであり\n恐ろしい疫病のように生命を蝕む\n
2000671	
2000672	
2000673	
2000674	
2000675	
2000676	
2000677	
2000678	
2000679	
2000680	ヒビ大壺を使った製作アイテムのひとつ\n焼炉の呪術が施されている\n\n敵に投げつけ、渦巻く炎を生じる\n\n焼炉の炎は、人を魂まで焼き尽くす\n穢れを焼く時、それは浄化と呼ばれる\n
2000681	
2000682	
2000683	
2000684	
2000685	
2000686	
2000687	
2000688	
2000689	
2000690	ヒビ大壺を使った製作アイテムのひとつ\n赤雷を生じる素材を混ぜ合わせ、大壺に封じたもの\n\n敵に投げつけ、大きな雷ダメージを与える\nそれは周囲の敵を巻き込む\n\n伝播する赤い雷は、王を裏切り\n暴君に仕えた古竜の技であるという\n
2000691	
2000692	
2000693	
2000694	
2000695	
2000696	
2000697	
2000698	
2000699	
2000700	儀式壺を使った製作アイテムのひとつ\n赤雷を生じる素材を混ぜ合わせ、壺に封じたもの\n\n敵に投げつけ、雷ダメージを与える\nそれは周囲の敵を巻き込む\n\n伝播する赤い雷は、王を裏切り\n暴君に仕えた古竜の技であるという\n
2000701	
2000702	
2000703	
2000704	
2000705	
2000706	
2000707	
2000708	
2000709	
2000710	ヒビ壺を使った製作アイテムのひとつ\n狂い火の素材を混ぜ合わせ、壺に封じたもの\n\n敵に投げつけ、発狂を蓄積する\n\n狂い火は瞳を焼き、やがて安らぎをもたらす\nこれは救いの壺である\n
2000740	儀式壺を使った製作アイテムのひとつ\n聖女トリーナの祈祷が施されている\n\nＦＰを消費して、敵に投げつけ\n永眠を蓄積する\n\nその眠りは昏く、弱き者は\n二度と目覚めることはない\n
2000760	ヒビ壺を使った製作アイテムのひとつ\n狂い火の素材を混ぜ合わせ、壺に封じたもの\n投擲用の短い紐がついている\n\n背後の敵に投げつけ、発狂を蓄積する\n\n狂い火は瞳を焼き、やがて安らぎをもたらす\nこれは救いの壺である\n
2000800	ラダの実を干して乾燥させたもの\n製作可能なアイテムのひとつ\n\n騎乗時に霊馬トレントに与えると\n駆け出すとき、敵を押し出すようになる\nその効果は一定時間で消える\n\n本来、霊性を高めるとされる苦薬だが\nトレントは嬉しそうだ\n
2000900	黄金樹の女王たるマリカが\n自ら祝福したとされる特別な霊薬\n\nＨＰを完全に回復し、全ての状態異常を癒す\n\n彼女は、メスメルのために、この霊薬を幾つか作った\nその後、二度とそうすることはなかった\n
2000901	
2000902	
2000903	
2000904	
2000905	
2000906	
2000907	
2000908	
2000909	
2000910	昏紫の祈祷が施された枝木\n製作可能なアイテムのひとつ\n\n自らに刺し、ゆっくりと睡眠を蓄積する\nその間、ＦＰが少しずつ回復する\n\nこの睡眠がたまりきった時\n一時朦朧とするが、ＦＰが減少することはない\n\n微睡の中でこそ、自覚できる意志があり\n心の奥から、浮かび上がる思いがある\n
2001100	冷めぬ熱を帯びた獣肉の塊\n製作可能なアイテムのひとつ\n\n生命力、持久力、筋力、技量を上昇させるが\nＨＰが少しずつ減少する\n\n人の手で再現された逆鱗の肉塊\nそれは、竜の戦士の飢えを一時だけ満たす\n
2001101	
2001102	
2001103	
2001104	
2001105	古い竜の体に生じるとされる逆鱗\nその根元部分の、熱を帯びた肉塊\n\nそのまま食べることで\n生命力、持久力、筋力、技量を上昇させるが\nＨＰが少しずつ減少する\n\n竜熱は、竜の戦士にとって最上の酒である\n
2001106	
2001107	
2001108	
2001109	
2001110	渦状の皺の刻まれた丸薬\n製作可能なアイテムのひとつ\n\n精神力、知力、信仰、神秘を上昇させるが\nＨＰが少しずつ減少する\n\n人の身で、指にならんとする者たちの秘薬\nそれを飲むと、身体の中を何かが這い回る\n
2001111	
2001112	
2001113	
2001114	
2001115	
2001116	
2001117	
2001118	
2001119	
2001120	青い薬液に漬け込まれた獣肝\n製作可能なアイテムのひとつ\n\n一時的に、魔力カット率を大きく高め\n魔力属性のダメージを大きく軽減する\n\n拾い虫たちの漬物は\n素材を腐敗させ、効能を高めている\nきつい臭いも、やがて癖になるだろう\n
2001121	
2001122	
2001123	
2001124	
2001125	
2001126	
2001127	
2001128	
2001129	
2001130	赤い薬液に漬け込まれた獣肝\n製作可能なアイテムのひとつ\n\n一時的に、炎カット率を大きく高め\n炎属性のダメージを大きく軽減する\n\n拾い虫たちの漬物は\n素材を腐敗させ、効能を高めている\nきつい臭いも、やがて癖になるだろう\n
2001131	
2001132	
2001133	
2001134	
2001135	
2001136	
2001137	
2001138	
2001139	
2001140	黄色い薬液に漬け込まれた獣肝\n製作可能なアイテムのひとつ\n\n一時的に、雷カット率を大きく高め\n雷属性のダメージを大きく軽減する\n\n拾い虫たちの漬物は\n素材を腐敗させ、効能を高めている\nきつい臭いも、やがて癖になるだろう\n
2001141	
2001142	
2001143	
2001144	
2001145	
2001146	
2001147	
2001148	
2001149	
2001150	金の薬液に漬け込まれた獣肝\n製作可能なアイテムのひとつ\n\n一時的に、聖カット率を大きく高め\n聖属性のダメージを大きく軽減する\n\n拾い虫たちの漬物は\n素材を腐敗させ、効能を高めている\nきつい臭いも、やがて癖になるだろう\n
2001151	
2001152	
2001153	
2001154	
2001155	
2001156	
2001157	
2001158	
2001159	
2001160	真珠色の薬液に漬け込まれた獣肝\n製作可能なアイテムのひとつ\n\n一時的に、物理以外のカット率を大きく高め\n物理以外の属性ダメージを大きく軽減する\n\n拾い虫たちの漬物は\n素材を腐敗させ、効能を高めている\nきつい臭いも、やがて癖になるだろう\n
2001161	
2001162	
2001163	
2001164	
2001165	
2001166	
2001167	
2001168	
2001169	
2001170	苦い薬液に、じっくりと漬け込んだ亀の首肉\n製作可能なアイテムのひとつ\n\n一時的に、スタミナ回復速度を大きく高める\n\n拾い虫たちの漬物は\n素材を腐敗させ、効能を高めている\nきつい臭いも、やがて癖になるだろう\n
2001200	黒い汁で煮込まれたサソリ\n角人の伝統の一皿\n\n一時的に、物理カット率を高め\nＨＰをゆっくりと回復する\n\nかつて家族の食卓に饗された、老婆の手料理\n冷めきったそれからは、すえた匂いがする\n
2001201	黒い汁で煮込まれたサソリ\n美味なる爪を大量に使った贅沢な一皿\n\n一時的に、物理カット率を高め\nＨＰをゆっくりと大きく回復する\n\n煮込みには、料理する者の思いが溶け込む\nだが、その味が分かる者はごく少ない\n\n勇人様。たんと食べてくだされ\n
2001202	黒い汁で煮込まれたサソリ\n角人の伝統の一皿\n\n一時的に、物理カット率を高め\nＨＰをゆっくりと回復する\n\n冷めきったそれからは、すえた匂いがする\n
2001203	黒い汁で煮込まれたサソリ\n美味なる爪を大量に使った贅沢な一皿\n\n一時的に、物理カット率を高め\nＨＰをゆっくりと大きく回復する\n\n煮込みには、料理する者の思いが溶け込む\nだが、その味が分かる者はごく少ない\n
2001204	
2001205	
2001206	
2001207	
2001208	
2001209	
2001210	たっぷりと血を含んだ生肉\n血鬼たちの特別な食物\n\n一時的に、物理攻撃力と神秘を高める\n周囲で出血状態が発生すると、攻撃力は更に高まる\n\nその血は、姿なき母の傷から滴ったとされ\nいつまでも乾かず、腐ることもない\n
2001211	
2001212	
2001213	
2001214	
2001215	
2001216	
2001217	
2001218	
2001219	
2001220	角人が使用した古い貨幣\n巻き角を加工し、白銀の塗装を施したもの\n\n一時的に、発見力が上昇する\nまた高値で取引される\n\nかつて、それは持てる人々の象徴であった\n
2001221	
2001222	
2001223	
2001224	
2001225	
2001226	
2001227	
2001228	
2001229	
2001230	角人が使用した古い貨幣\n巻き角を加工し、黄金の塗装を施したもの\n\n一定時間、敵を倒した時の取得ルーンが増える\nまた高値で取引される\n\nかつて、それは責問の名誉に与えられた\n
2001400	火を生じる素材を混ぜ合わせた瘤脂\n製作可能なアイテムのひとつ\n\n武器に塗り、大きな炎攻撃力を付加する\nその効果は一定時間で消える\n\n火は聖戦の象徴であり、メスメル軍では\n兵卒ですら、それを振るったという\n
2001401	
2001402	
2001403	
2001404	
2001405	
2001406	
2001407	
2001408	
2001409	
2001410	雷を生じる素材を混ぜ合わせた瘤脂\n製作可能なアイテムのひとつ\n\n武器に塗り、大きな雷攻撃力を付加する\nその効果は一定時間で消える\n\nかつて黄金の王子に仕えた\n竜信仰の騎士たちが用いたという\n
2001411	
2001412	
2001413	
2001414	
2001415	
2001416	
2001417	
2001418	
2001419	
2001420	魔力を生じる素材を混ぜ合わせた瘤脂\n製作可能なアイテムのひとつ\n\n武器に塗り、大きな魔力攻撃力を付加する\nその効果は一定時間で消える\n\nカーリア王家に仕えた下級の騎士たちに\n騎士剣の代替として与えられたという\n
2001421	
2001422	
2001423	
2001424	
2001425	
2001426	
2001427	
2001428	
2001429	
2001430	聖性を生じる素材を混ぜ合わせた瘤脂\n製作可能なアイテムのひとつ\n\n武器に塗り、大きな聖攻撃力を付加する\nその効果は一定時間で消える\n\n古い黄金樹の祈祷が施された武具\n影の地で、それを為すものはごく少ない\n
2001450	深紫の素材を混ぜ合わせた瘤脂\n製作可能なアイテムのひとつ\n\n武器に塗り、永眠の状態異常を付加する\nその効果は一定時間で消える\n\nその眠りは昏く、弱き者は\n二度と目覚めることはない\n
2001480	尖ったさざれ石を混ぜ合わせた瘤脂\n製作可能なアイテムのひとつ\n\n武器に塗り、竜に対する高い特効を付加する\nその効果は一定時間で消える\n\n古竜の憎しみで、竜どもを切り裂く\n古い竜餐の戦士たちの武具\n
2001500	火を生じる素材を混ぜ合わせた瘤脂\n製作可能なアイテムのひとつ\n短い紐が付いている\n\n素早く武器に塗り、大きな炎攻撃力を付加する\n塊が小さいため効果時間は短め\n\n火は聖戦の象徴であり、メスメル軍では\n兵卒ですら、それを振るったという\n
2001501	
2001502	
2001503	
2001504	
2001505	
2001506	
2001507	
2001508	
2001509	
2001510	雷を生じる素材を混ぜ合わせた瘤脂\n製作可能なアイテムのひとつ\n短い紐が付いている\n\n素早く武器に塗り、大きな雷攻撃力を付加する\n塊が小さいため効果時間は短め\n\nかつて黄金の王子に仕えた\n竜信仰の騎士たちが用いたという\n
2001511	
2001512	
2001513	
2001514	
2001515	
2001516	
2001517	
2001518	
2001519	
2001520	魔力を生じる素材を混ぜ合わせた瘤脂\n製作可能なアイテムのひとつ\n短い紐が付いている\n\n素早く武器に塗り、大きな魔力攻撃力を付加する\n塊が小さいため効果時間は短め\n\nカーリア王家に仕えた下級の騎士たちに\n騎士剣の代替として与えられたという\n
2001521	
2001522	
2001523	
2001524	
2001525	
2001526	
2001527	
2001528	
2001529	
2001530	聖性を生じる素材を混ぜ合わせた瘤脂\n製作可能なアイテムのひとつ\n短い紐が付いている\n\n素早く武器に塗り、大きな聖攻撃力を付加する\n塊が小さいため効果時間は短め\n\n古い黄金樹の祈祷が施された武具\n影の地で、それを為すものはごく少ない\n
2001550	深紫の素材を混ぜ合わせた瘤脂\n製作可能なアイテムのひとつ\n短い紐が付いている\n\n素早く武器に塗り、永眠の状態異常を付加する\n塊が小さいため効果時間は短め\n\nその眠りは昏く、弱き者は\n二度と目覚めることはない\n
2001600	遺骨の欠片などを混ぜ合わせた瘤脂\n製作可能なアイテムのひとつ\n\n武器に塗り、祝祭の祈祷を付与し\n攻撃命中時に僅かなルーンを得る\nその効果は一定時間で消える\n\n可憐な祝祭は、古い習俗であり\n黄金樹はそれを黙認していた\n
2001700	大壺を満たす肉の切れ端\nピクピクと蠢く薄紅色のそれには\n怨霊がこびり付いている\n\n敵に投げつけ、ダメージを与える\n\n善き人になるために\n切り刻まれ、大壺に詰め込まれた罪人どもの\nなれの果てである\n
2001701	
2001702	
2001703	
2001704	
2001705	
2001706	
2001707	
2001708	
2001709	
2001710	尖ったさざれ石をずらりと並べた銛\n製作可能なアイテムのひとつ\n\n敵に投擲し、大きなダメージを与える\n竜に対する特効がある\n\n古竜の憎しみで、竜どもを切り裂く\n古い竜餐の戦士たちの武具\n
2002000	霊墓石を加工した墓守の道具\n製作可能なアイテムのひとつ\n\n前方に投げ、落ちた場所で\nそこに人がいるかのような物音を立てる\n\n孤独な墓守が、人恋しさを紛らせたという\n
2002001	
2002002	
2002003	
2002004	
2002005	
2002006	
2002007	
2002008	
2002009	
2002010	竜餐の古い原型とされる心臓\n裸で使用し、人の身を古竜となす\n\n死ぬ時まで、姿が戻ることはなく\n古竜の身で使用すると\n一時的に、竜餐の祈祷を強化する\n\n人の身で、最後に眺めた景色は\n夕焼けの中で、だが全てが色褪せ\n永遠とはほど遠いものだった\n
2002011	
2002012	
2002013	
2002014	
2002015	
2002016	
2002017	
2002018	
2002019	
2002020	竜餐の巫女の岩の心臓\n裸で使用し、人の身を古竜となす\n\n死ぬ時まで、姿が戻ることはなく\n古竜の身で使用すると\n一時的に、王都古竜信仰の祈祷を強化する\n\nかつて、彼女は古竜であった\n凶なる竜ベールを討つ、ただそのために\n自らを捧げ、弱き姿を受け容れたのだ\n
2002021	
2002022	
2002023	
2002024	
2002025	
2002026	
2002027	
2002028	
2002029	
2002030	幸せな嘆きを象った石仮面\n裸で使用し、被った者を嘆き人に変態させる\n\n死ぬ時まで、姿が戻ることはなく\n嘆き人として使用すると、頭部を巨大化する\n\nそれは、楽園の人のあり様であるが\n塔の人々はそれを拒絶し、隠蔽した\n愚かにも、幸せを恐怖したのだ\n
2002100	竜王プラキドサクスの名のもとに\n竜餐の巫女がもたらす恩寵\n\nＦＰを消費して\n物理を含めた全てのカット率を高め\n同様に、ガード時カット率も高める\n\n巫女は、毎夜自身の眠りを捧げることで\n竜王から恩寵の力を借り受けているという\n
2002120	黄金樹の祈祷が施された瞳膜\n\n瞳に付けることで、祝福の光を仮初に与える\nまた、使用により装備した大ルーンの恩恵をもたらす\n\n影の地で、黄金樹の司祭たちが\n信徒の不安を取り除くために用いた\n欺瞞であり、故に効果的であった\n
2002121	
2002122	
2002123	
2002124	
2002125	
2002126	
2002127	
2002128	
2002129	
2002130	闇のように暗い瞳膜\n\n瞳に付けることで、あらゆる光を奪う\nまた、使用により装備した大ルーンの恩恵をもたらすが\nすべてのルーンを失ってしまう\n\n影の地で、黄金樹の司祭たちが\n信徒の恐怖を掻き立てるために用いた\n欺瞞であり、故に効果的であった\n
2002131	
2002132	
2002133	
2002134	
2002135	
2002136	
2002137	
2002138	
2002139	
2002140	ティエリエの作った黒い秘薬\n\n古い竜をすら眠らせると称する\n濃縮された眠りの毒薬であり\n尋常な人が口にすれば、即死する\n\n彼は、トリーナの眠りを思いこれを作ったが\n黒い眠りには、何もなかった\n蜜の甘さも。微睡の優しさも\n
2002141	
2002142	
2002143	
2002144	
2002145	
2002146	
2002147	
2002148	
2002149	
2002150	人頭に似せて作られた歪な土細工\n幸せな、嘆き声を発する\n\nその声は、脳みそに浸み込んでくる\nシクリ、シクリ、シクリ、シクリ\n
2002900	影樹に刻まれた\n宿将ガイウスの追憶\n\n指読みにより、主の力を得ることができる\nまた、使用により莫大なルーンを得ることもできる\n\n共に獅子の兄であったが故に\nそして、その生まれを呪いと呼ばれたが故に\nガイウスはメスメルの将となり、友となった\n
2002901	影樹に刻まれた\n串刺し公、メスメルの追憶\n\n指読みにより、主の力を得ることができる\nまた、使用により莫大なルーンを得ることもできる\n\nメスメルの中には、邪な蛇が蠢いていた\n母は、その瞳を封印の祝福に入れ替え\nそれでもなお、彼を影に隠した\n\nはじまりの罪と、忘れ得ぬ憎しみと共に\n
2002902	影樹に刻まれた\n影樹の化身の追憶\n\n指読みにより、主の力を得ることができる\nまた、使用により莫大なルーンを得ることもできる\n\n影樹とは、黄金樹の影であった\n律とは呼べぬ、暗い思いから生まれ\nそれ故に脆く、ねじくれていた\n
2002903	影樹に刻まれた\n双月の騎士、レラーナの追憶\n\n指読みにより、主の力を得ることができる\nまた、使用により莫大なルーンを得ることもできる\n\nかつてカーリアの王女であった彼女は\n生家を捨て、メスメルの傍らを選んだ\n月の輝きが、その男を癒せぬと知っていても\n\nメスメルの剣。いつか彼女はそう呼ばれた\n
2002904	影樹に刻まれた\n蕾の聖女、ロミナの追憶\n\n指読みにより、主の力を得ることができる\nまた、使用により莫大なルーンを得ることもできる\n\n全てを焼かれた教会で\nロミナは異形の神性を見出し\n禍々しい、朱い腐敗に縋った\n\n焼け跡に、また蕾が芽吹くように\n
2002905	影樹に刻まれた\n神獣獅子舞の追憶\n\n指読みにより、主の力を得ることができる\nまた、使用により莫大なルーンを得ることもできる\n\n串刺し公の軍勢が塔を襲ったとき\n獅子舞は、神事から軍事となった\nその怒りも、絢爛な舞も\n
2002906	
2002907	影樹に刻まれた\nミケラの王、ラダーンの追憶\n\n指読みにより、主の力を得ることができる\nまた、使用により莫大なルーンを得ることもできる\n\n幼き日、ミケラはラダーンに王を見た\n脆弱な自分たちにはない、強さを\nそして優しさを\n\nだからミケラは純真に願った\n私の王に、なってください\n
2002908	影樹に刻まれた\n狂い火の王、ミドラーの追憶\n\n指読みにより、主の力を得ることができる\nまた、使用により莫大なルーンを得ることもできる\n\n黄金の逆棘のもたらす、永遠の苦痛の中で\nミドラーは、ナナヤの言葉に縋っていた\n\n耐えてください\n\nそれは、呪いの言葉であった\n
2002909	影樹に刻まれた\n指の母、メーテールの追憶\n\n指読みにより、主の力を得ることができる\nまた、使用により莫大なルーンを得ることもできる\n\n全ての二本指、そしてユビムシの母は\n大いなる意志の輝ける娘にして\n狭間に落ちた、最初の流星であった\n
2002910	影樹に刻まれた\n泥濘の騎士の追憶\n\n指読みにより、主の力を得ることができる\nまた、使用により莫大なルーンを得ることもできる\n\n泥濘は、穢れた死肉のなれの果てであり\nトリーナの蜜により、永遠の安眠を得た\n故に、泥濘は彼女の騎士となった\n
2002950	針の騎士、レダの祝福\nまだ誰の瞳にも宿ったことのない無垢な光\n\n使用により、４００００ルーンを得る\n\nそれは、レダの褪せた瞳を彩るため\nミケラが贈った柔らかい黄金である\n
2002951	影の地に倒れた人々の祝福\nその黄金の名残\n\n使用により、５００ルーンを得る\n\nそれは壊れ、消えかけている\n
2002952	影の地に倒れた人々の祝福\nその黄金の残滓\n\n使用により、７５００ルーンを得る\n\n影樹とは黄金樹の影であり\nだからこそ、祝福を強く輝かせる\n
2002953	影の地に倒れた人々の祝福\nその黄金の残滓\n\n使用により、１００００ルーンを得る\n\n影樹とは黄金樹の影であり\nだからこそ、祝福を強く輝かせる\n
2002954	影の地に倒れた人々の祝福\nその黄金の残滓\n\n使用により、１２５００ルーンを得る\n\n聖戦に赴かんとする兵士たちには\n大きな祝福が与えられたという\n
2002955	影の地に倒れた人々の祝福\nその黄金の残滓\n\n使用により、１５０００ルーンを得る\n\n聖戦に赴かんとする兵士たちには\n大きな祝福が与えられたという\n
2002956	影の地に倒れた人々の祝福\nその黄金の残滓\n\n使用により、１７５００ルーンを得る\n\n誰も訪れぬ、忘れられた場所で\n祝福は静かに輝きを増していた\n
2002957	影の地に倒れた人々の祝福\nその黄金の残滓\n\n使用により、２２５００ルーンを得る\n\n誰も訪れぬ、忘れられた場所で\n祝福は静かに輝きを増していた\n
2002958	影の地に倒れた人々の祝福\nその黄金の残滓\n\n使用により、３００００ルーンを得る\n\n誰も訪れぬ、忘れられた場所で\n祝福は静かに輝きを増していた\n
2002959	影の地に倒れた英雄たちの祝福\nその黄金の残滓\n\n使用により、５００００ルーンを得る\n\nかつて戦場には、英雄があった\n彼らは、黄金樹に強く祝福され\n名誉なく死んでいった\n
2002960	聖戦に赴かんとする英雄に\n女王マリカが、自ら授けた祝福\nその黄金の残滓\n\n使用により、８００００ルーンを得る\n\nその輝きは、英雄をすら盲目にする\n
2003000	純白の宝石を嵌めこんだ、大きな巣穴石\n特別な結石を磨き上げたものだという\n\n霊力の爆発を制御するための呪具\n使用により、精霊石の精霊を消し\nその時に霊力の爆発を起こす\n\n精霊との絆は、それを断ち切るために結ばれる\n
2003001	ラウフの巣穴に精霊を住まわせたもの\n製作可能なアイテムのひとつ\n\nＦＰを消費して、ゆっくりと敵を追尾する精霊を放つ\nそれは一定時間の後、輝きながら消えるが\n消える時に霊力の爆発を起こす\n\n角人の学者が残した記録によれば\n精霊が消える時を操る、絆の石があるという\n
2003130	混じり角の生えた赤子の像\n\nＦＰを消費して、術者の周りに怨霊を召喚する\n怨霊は、自ら敵に追いすがる\n\n混じり角は霊性の象徴であるが\n大きすぎるそれを持って生まれた赤子は\n大抵はそのまま死んでしまう\nこれは、その供養の像である\n
2003131	
2003132	
2003133	
2003134	
2003135	
2003136	
2003137	
2003138	
2003139	
2003140	真っ赤な布の巻かれた小瓶\n可燃性の香油で満たされている\n\nＦＰを消費して、炎で前方を焼き払う\n\nラーナの踊り子は、これを隠して舞い\nその熱情の舞踏の頂点を\n熱い炎と、甘い香りで彩るという\n
2003141	
2003142	
2003143	
2003144	
2003145	
2003146	
2003147	
2003148	
2003149	
2003150	墓守の頭蓋を触媒とした古い呪具\n製作可能なアイテムのひとつ\n\nＦＰを消費して\n投擲した先に、死に迷う者を呼び出す\nそれは、回転しながら周囲を薙ぎ払い\n三度そうした後、消えてしまう\n\n古来、死者は迷う者であり\n先導が必要なのだ\n
2003151	
2003152	
2003153	
2003154	
2003155	
2003156	
2003157	
2003158	
2003159	
2003160	霊墓石を狂い火で燃やしたもの\n製作可能なアイテムのひとつ\n\nＦＰを消費して、地面に置き\nその場所で狂い火を撒き散らす\n\n狂い火は、霊すらを焼き溶かし\n永遠であるはずのそれを、消し去るという\n角人が狂い火を忌避する所以である\n
2003161	
2003162	
2003163	
2003164	
2003165	
2003166	
2003167	
2003168	
2003169	
2003170	黄金樹の祈祷が施され、光となった遺骨\n製作可能なアイテムのひとつ\n\nＦＰを消費して、高く掲げ\n周囲の味方を含めて、攻撃力と防御力を高める\n\nそれは、はるか遠い黄金樹を信じ\n聖戦に散った同胞の、遺志を継ぐ儀式である\n
2003171	
2003172	
2003173	
2003174	
2003175	
2003176	
2003177	
2003178	
2003179	
2003180	メスメル兵が用いた火の技\n蜷局のように纏められた残り火\n製作可能なアイテムのひとつ\n\nＦＰを消費して\n投擲した先に、小さな火蛇を生じる\nそれは、うねりながら敵を追う\n\n火は聖戦の象徴であり、メスメル軍では\n兵卒ですら、それを振るったという\n
2003181	
2003182	
2003183	
2003184	
2003185	
2003186	
2003187	
2003188	
2003189	
2003190	ラウフの巣穴に火霊を住まわせたもの\n製作可能なアイテムのひとつ\n\nＦＰを消費して、地を跳ねながら進む火霊を放つ\nそれは敵を貫通し、炎属性のダメージを与える\n\n火霊は、精霊の一種であり\nその中でも激しい性質を持つという\n
2003191	
2003192	
2003193	
2003194	
2003195	
2003196	
2003197	
2003198	
2003199	
2003200	光る指紋が浮き上がった爪石\n製作可能なアイテムのひとつ\n\nＦＰを消費して\n砕けながら飛ぶ、魔力の爪を放つ\n\n指遺跡の番人たるヤツメは\n少なくとも、人よりも指に似ており\n指追いたちは、その魔術を模倣した\n
2003310	黄金樹の祈祷を施した霊墓石\n製作可能なアイテムのひとつ\n\nＦＰを消費して、陽だまりを生じ\n近い者のＨＰを持続的に回復する\nぬくもりよりも、その効果は大きい\n\n暗い地でこそ、陽だまりは温かい\n
2003350	無垢金の祈祷が施された枝木\n製作可能なアイテムのひとつ\n\nＦＰを消費して\n刺した敵と、その周囲の敵を魅了する\n魅了された敵は一時的に味方となる\n\nミケラは、互いに殺し合う者たちですら\nその手を取り合う同志とする\nいつか、その魅了が壊れぬ限り\n
2004300	カーリア王家に仕える魔術教授の技\n\n輝石の霧の中に、自らの姿を消す\nその姿は数瞬ほどで再び現れる\n現れる位置は、前後左右に制御できる\n\n書院の管理者が極めたとされ\nその名を冠して呼ばれている\n
2004301	
2004302	
2004303	
2004304	
2004305	
2004306	
2004307	
2004308	
2004309	
2004310	カーリア王家の古い魔術\n\n頭上に魔法陣を描き、時間差で\n敵に向かい飛ぶ輝剣を三つ生じる\n足を止めずに使用することができ\nタメ使用で、輝剣の生じが遅くなる\n\n剣陣の魔術の原型は\n影の地で、独自に鍛えられた\n
2004311	
2004312	
2004313	
2004314	
2004315	
2004316	
2004317	
2004318	
2004319	
2004320	双月の騎士、レラーナの魔術\nカーリアの王女たる者の象徴\n\nその身に重なり合う双月を呼び\nひとつずつ、連続で地に落とす\nそれは月光で地を激しく揺らす\n\n幼き日、姉レナラと共に出会った月\nそれは、寄り添うように重なり合っていた\n
2004500	大司祭、ユミル卿の輝石魔術\n神秘の遺跡で見出されたという\n指の魔術のひとつ\n\n砕けながら飛ぶ、魔力の爪を放つ\nタメ使用で強化される\n\nユミル卿は嘯く\nこれは、真実に思い馳せる児戯なのだと\n
2004501	
2004502	
2004503	
2004504	
2004505	
2004506	
2004507	
2004508	
2004509	
2004510	大司祭、ユミル卿の輝石魔術\n神秘の遺跡で見出されたという\n指の魔術のひとつ\n\n砕けながら飛ぶ、魔力の爪を多数放つ\nタメ使用で強化される\n\nユミル卿は嘯く\nこれは、真実に思い馳せる児戯なのだと\n
2004700	重力を操る、宿将ガイウスの魔術\n\n大地から岩塊の刃を生じる\nタメ使用で、その刃を三度生じる\n\n若かりしガイウスとラダーンは\n共に研鑽し、この技を修めたという\n
2004701	
2004702	
2004703	
2004704	
2004705	
2004706	
2004707	
2004708	
2004709	
2004710	重力を操る輝石魔術のひとつ\n\n敵を引き寄せながら進み\n最後に爆発する、重力弾を放つ\nタメ使用で、進む距離と引き寄せる回数が増す\n\nそれは、降る星の獣の故郷\n遥か彼方、光の無い暗黒に由来するという\n
2004900	敬虔な信仰の故に絶望し\n祈祷を捨てた者たちの魔術\n\n影樹より生じた拒絶の刺で\n自らを傷付け、それを全身に纏う\nローリングによりダメージを与えられる\n\n身を捩る影樹の姿が教えている\n全てを拒み、傷付けるがよい\n我らは見棄てられたのだ\n
2004901	
2004902	
2004903	
2004904	
2004905	
2004906	
2004907	
2004908	
2004909	
2004910	敬虔な信仰の故に絶望し\n祈祷を捨てた者たちの魔術\n\n影樹より生じた拒絶の刺で\n自らを傷付け、それを地面から生じる\n連続で使用することができる\n\n身を捩る影樹の姿が教えている\n全てを拒み、傷付けるがよい\n我らは見棄てられたのだ\n
2005000	あらゆる死の流れ着く場所\n霊墓の番人の魔術\n\n複数の霊の光輪を生じ、一気に放つ\nタメ使用で強化される\n\n光輪は、霊炎と同じ性質を持ち\n魔力属性のダメージを与え、冷気を蓄積する\n
2006200	泥濘の騎士が用いた魔術\n\n多数の泥濘を、渦を巻くように放つ\nそれらは、着弾した周囲に霊炎を生じる\n\n古い時代、死は霊炎に焼かれた\n穢れた死肉、そのなれの果てであろうとも\nかつて、死は等しくあったのだろう\n
2006201	
2006202	
2006203	
2006204	
2006205	
2006206	
2006207	
2006208	
2006209	
2006210	石棺の泥濘に由来する魔術\n\n泥濘の大きな塊を放つ\nそれは、着弾した周囲に霊炎を生じる\nタメ使用で強化される\n\n古い時代、死は霊炎に焼かれた\n穢れた死肉、そのなれの果てであろうとも\nかつて、死は等しくあったのだろう\n
2006300	純血騎士アンスバッハの祈祷\n\n小指球に血炎の刃を生じ\n一気に距離を詰め、敵を切り裂く\nタメ使用で斬撃回数が増える\n\n華麗な王朝剣技とは一線を画す\n捨て身ともいえる苛烈な技\nかつての彼の、狂名の所以\n
2006400	影の地で見出された黄金樹の祈祷\n\n離れた味方に向けて放ち\n着弾した対象のＨＰを大きく回復する\n\nたとえ、遠い彼方にあり\nその姿を見ることすらできぬとしても\n黄金樹は、きっと我らを祝福する\n
2006650	黄金カバに発現した坩堝の諸相\n\n大量の鋭い針のような毛を背中に生じ\n地面を転がりながら、周囲を薙ぎ払う\nタメ使用で転がる回数が増し、攻撃範囲が広くなる\n\n古い時代、影に隠される前のこの地には\n坩堝の生命が確かに息衝いていた\n古遺跡で、その痕跡を見出せるという\n
2006651	
2006652	
2006653	
2006654	
2006655	
2006656	
2006657	
2006658	
2006659	
2006660	古遺跡で見出された坩堝の諸相\n\nミランダフラワーを胸に生じ、光の降雨を呼ぶ\nタメ使用で強化される\n\n古い時代、影に隠される前のこの地には\n坩堝の生命が確かに息衝いていた\n
2006661	
2006662	
2006663	
2006664	
2006665	
2006666	
2006667	
2006668	
2006669	
2006670	女王マリカの秘めたる祈祷\n優しいだけの、律無き黄金\n\n小さな黄金樹の幻影を生じ\n周囲の味方のＨＰを持続的に回復する\n\nマリカは故郷の村を黄金で包んだ\n癒すべき何者も、いないと知っていても\n
2006671	
2006672	
2006673	
2006674	
2006675	
2006676	
2006677	
2006678	
2006679	
2006680	影樹の化身に由来する祈祷\n\n多数の黄金のつぶてを生じる\n少しの間を置き、つぶては対象に向けて放たれる\n\n影樹の力、その迸りを振るう技\n故に、その黄金は影と共にある\n
2006681	
2006682	
2006683	
2006684	
2006685	
2006686	
2006687	
2006688	
2006689	
2006690	影の地で見出された黄金樹の祈祷\n\n周囲を弾き飛ばす、黄金の衝撃波を放つ\nタメ使用で衝撃波が大きくなる\n\nエルデンリングが砕けた時\n影の地の人々もまた、それを感じ\n黄金樹の怒りと信じた\n
2006691	
2006692	
2006693	
2006694	
2006695	
2006696	
2006697	
2006698	
2006699	
2006700	神として帰還したミケラの力\nそれを祈祷として振るうもの\n\n対象を光の柱で滅する\n\nミケラは、全てを受け容れ、抱こうと望み\nだがひとつだけ、そうできぬものを知っていた\n\n絶対の神も、その王も\n決して並び立つことはない\n
2006701	
2006702	
2006703	
2006704	
2006705	
2006706	
2006707	
2006708	
2006709	
2006710	ミケラに仕えた者たちの祈祷\n\n重なり合う黄金の光輪を生じ、前方に放つ\n対象に命中すると連続でダメージを与える\nタメ使用で持続時間が伸び、威力が増す\n\n黄金律原理主義とは別系統で\n研鑽された光輪の技\n
2006800	俗に熊餐と呼ばれる祈祷\n大赤熊ルガリアの力を振るう技\n\n己が姿を大赤熊となし、激しく咆哮する\nタメ使用で強化される\n\n竜餐よりも、角人の神降ろしに近しい技\n偉大なる野生との死闘、その先にこそ\n己だけの神を見出すのだ\n
2006900	王都古竜信仰の祈祷のひとつ\n\n雷の槍を呼ぶと共に、古竜の紋章を展開する\n槍を投げると、紋章からも雷の槍が放たれる\nタメ使用で展開する紋章が増え、着弾に落雷を伴う\n\nかつて、卓越した騎士にのみ授けられた技\n狭間では失われた、喪失祈祷のひとつ\n
2006901	
2006902	
2006903	
2006904	
2006905	
2006906	
2006907	
2006908	
2006909	
2006910	古竜フローサクスの特別な祈祷\n\n赤き雷を呼び、術者と周囲の味方に纏わせる\n物理を含めた全てのカット率を高め\n同様に、ガード時カット率も高める\n\nだが、かつて巫女は愛を知らず\nこれを振るうことはなかった\n
2006911	
2006912	
2006913	
2006914	
2006915	
2006916	
2006917	
2006918	
2006919	
2006920	王都古竜信仰の祈祷のひとつ\n\n雷を呼び、術者の身体に帯電させる\nその状態から、雷撃が何度か周囲に放たれる\nタメ使用で強化される\n\n身体に雷を纏う技の源流であるが\n狭間では失われた、喪失祈祷のひとつ\n
2007000	竜餐の祈祷、その最たるもの\n暴竜ベールの巨大な力を振るう技\n\n己が姿を暴竜となし\n咆哮と共に、熱風を爆発させ\n周囲に激しい噴火を起こす\n\n暴竜の滾る心臓は、喰らわれてなお\n衰えることなく服従を拒み続けている\nそれは、いつか竜餐の主を、その肉体と魂を\n内から焼き尽くすだろう\n
2007001	
2007002	
2007003	
2007004	
2007005	
2007006	
2007007	
2007008	
2007009	
2007010	竜餐の祈祷、その最たるもの\n暴竜ベールの巨大な力を振るう技\n\n己が姿を暴竜となし\n右腕の、露出した尖骨に炎雷を纏い\nそのまま叩き付ける\n\n暴竜の滾る心臓は、喰らわれてなお\n衰えることなく服従を拒み続けている\nそれは、いつか竜餐の主を、その肉体と魂を\n内から焼き尽くすだろう\n
2007011	
2007012	
2007013	
2007014	
2007015	
2007016	
2007017	
2007018	
2007019	
2007020	竜餐の祈祷のひとつ\n\n己が姿を竜となし、上空から霊炎のブレスを吐く\nタメ使用で、ブレスを吐く時間が延び\nジャンプ中に使うこともできる\n\nあらゆる死の集まる霊墓の地には\n死した竜もまた、流れ着く\nそして幾匹かは、その生来の強さ故に\n死してなお死にきれずにいる\n
2007200	蕾の聖女、ロミナが用いた祈祷\n\nゆっくりと回りながら、無数の蝶を呼ぶ\n蝶は触れると崩れ、腐敗を撒き散らし\n他の蝶も連鎖して崩れていく\n\n腐敗の女神の翼たる朱色の蝶\nロミナは、主なき彼らを慰撫し\n心を通じていた\n
2007201	
2007202	
2007203	
2007204	
2007205	
2007206	
2007207	
2007208	
2007209	
2007210	腐敗の眷属たる蟲たちの技\nそれを祈祷として振るうもの\n\n無数の粘つく糸を分泌し\nそれを二つに束ねて前方に放つ\nタメ使用で強化される\n\n蟲たちは、見棄てられた眷属であり\nそれ故に、蕾の聖女に母を見出した\n
2007300	狂い火の王、ミドラーを讃える祈祷\n\n王の頭の似姿を召喚し、狂い火を撒き散らす\n足を止めずに使用することができ\n長押している間、似姿が消えることはない\n\n狂い火の王は、焼き溶かす\n苦痛、絶望、呪い。あらゆる罪と苦しみを\nだがミドラーもまた、王としては弱すぎた\n
2007410	大司祭、ユミル卿の指の魔術\n秘匿された神秘のひとつ\n\n対象の足元から小宇宙の似姿を生じる\nそれは一度だけ波打ち、弾けて消える\nタメ使用で強化される\n\n壊れ、棄てられた者は\nそれと知ってなお、儚い似姿に縋る\nなんと哀れなことだろうか\n
2007411	
2007412	
2007413	
2007414	
2007415	
2007416	
2007417	
2007418	
2007419	
2007420	自ら指の母になろうとした\n大司祭、ユミル卿の指の魔術\n\n術者を囲むように、幾本もの太い指を生じる\nそれは、魔術や祈祷、矢などの飛び道具を逸らせる\nタメ使用で強化される\n\nその指は、母を守る子らである\nあるいは、そう願う母の幻想である\n
2007600	角人の老婆に託された思い\n\n術者の頭上に守護霊を召喚する\n守護霊は、術者から離れず付き従い\n幾度か怨霊を放った後に消える\n\n我らを裏切り、火をかけた、マリカの子らめに\nメスメルに、その手先どもに\nどうか報いを与えてくだされ\n
2007700	塔の責問官たちの魔術\nそれを螺旋の祈祷として振るうもの\n\n腕を振り、黄金の弧を連続で放つ\nタメ使用で強化される\n\nその弧は、責問の象徴たる逆棘の似姿である\n
2007701	
2007702	
2007703	
2007704	
2007705	
2007706	
2007707	
2007708	
2007709	
2007710	塔の責問官たちの魔術\nそれを螺旋の祈祷として振るうもの\n\n腕を振り、黄金の大弧を放つ\nタメ使用で強化される\n\nその弧は、責問の象徴たる逆棘の似姿である\n
2007711	
2007712	
2007713	
2007714	
2007715	
2007716	
2007717	
2007718	
2007719	
2007720	塔の神官たちの高位魔術\nそれを螺旋の祈祷として振るうもの\n\n捩り結んだ両手を天に掲げ\n対象の足元から、螺旋の光柱を生じる\n長押している間、光柱は生じ続ける\n\n螺旋とは坩堝の整流であり\nいつか神へと至る柱なのだ\n
2007721	
2007722	
2007723	
2007724	
2007725	
2007726	
2007727	
2007728	
2007729	
2007730	神獣獅子舞の怒れる嵐\nそれを祈祷として振るうもの\n\n自身の身体を大きく回し\n嵐を呼び、竜巻を前方に放つ\nタメ使用で強化される\n\n神獣の多くは、串刺しの槍に晒され\nメスメルの火に焼かれたという\nまるで、塔を弔う送り火のように\n
2007731	
2007732	
2007733	
2007734	
2007735	
2007736	
2007737	
2007738	
2007739	
2007740	角の戦士の始祖たる、神鳥の戦士の技\nそれを祈祷として振るうもの\n\n両手を翼のように広げ、無数の羽を放つ\n足を止めずに使用することができ\n長押している間、羽は放たれ続ける\n\n神鳥の戦士、そしてこの技のあり様は\n黄金の坩堝に近しいという\n
2007800	串刺し公、メスメルの直属となる\n火の騎士たちの祈祷\n\n蛇のようにうねる火を生じ、それを放つ\nタメ使用で強化される\n\nメスメルの火を受領した騎士たちは\nだが、それを己に巣食わせることができず\n火の祈祷として共にあろうとした\n
2007801	
2007802	
2007803	
2007804	
2007805	
2007806	
2007807	
2007808	
2007809	
2007810	火の騎士の賢者、ザルツァの祈祷\n\n空に燃える雲を呼び\n対象の頭上から、火の雨を降らせる\nタメ使用で強化される\n\n蛮行を厭ったザルツァは\nだが、最も多くの村と大地を焼き払った\n
2007811	
2007812	
2007813	
2007814	
2007815	
2007816	
2007817	
2007818	
2007819	
2007820	串刺し公、メスメルの祈祷\n\n空中で、メスメルの火を巨大な火球となし\n対象に突進して、それを地に押し当てる\nそして一瞬の後、火球は爆発する\nタメ使用で強化される\n\nメスメルは、自らの火を憎んでいた\n故に幾度となく、それを潰し\n消し去ろうとした\n
2008000	棄てられたミケラの大ルーン\n\n完全に壊れており、恩恵が戻ることはないが\nただ、魅了に抗う力だけが残っている\n\nミケラは、影に隠された塔に向かった\nその黄金の身体も、力も、宿命も\n全てを棄てて\n\nはじまりから続く因果を超えて\n全てを抱く、新しい神になるために\n
2008001	
2008002	
2008003	壊れた竜の戦士、エーゴンの鉤指\n節くれ立ち、その内側は硬く変色している\n\n暴竜ベールに対した時\nサインから「竜の戦士、エーゴン」を召喚できる\n\n魂は、あのギザ山に置いてきた\n
2008004	腐食した粗末な鍵\n\n塔の街、ベルラートの\n井戸底の鉄格子を開くことができる\n
2008005	凍り付いた鉄製の鍵\n\n嘆きの牢獄の\n上層の鉄格子を開くことができる\n
2008006	凍り付いた鉄製の鍵\n\n嘆きの牢獄の\n下層の鉄格子を開くことができる\n
2008007	角人が作った簡易な地図\n\n黄金の十字の場所が、記されている\n\nそれは、ミケラが残した足跡である\n
2008008	幾つもの穴が開いた\n青白い、細長い石のネックレス\n\n神秘の遺跡にあるという\n吊り鐘を吹き鳴らせるようになる\n\nユミル卿は言った\n吊り鐘を吹き鳴らした者は\nその運命は、輝く星に導かれるのだと\n
2008009	
2008010	
2008011	二つの心房を持った、暴竜ベールの心臓\n幾本もの、角のようなさざれ石が生え\n真っ赤に滾っている\n\n竜餐の大祭壇でこれを喰らうことで\nベールの力を、我がものとすることができる\n\n竜餐の巫女は言った\nそれは、至高の竜餐であると\n
2008012	角人が作った簡易な地図\nその更新されたもの\n\n新しく見出された\n黄金の十字の場所が、記されている\n\nそれは、ミケラが残した足跡であり\n彼が棄てたものの、墓標であるという\n
2008013	螺旋模様が彫られた鍵\n\n塔の街、ベルラートの\n二階にある倉庫の扉を開くことができる\n
2008014	白い樹皮の巻物\n\n影に隠された塔にあるという\n神の門の秘儀が記されている\nだが、読み解けるのは、ごく一部だ\n\n　神の帰還は王により導かれ\n　王の魂には、依り代が求められる\n
2008015	老兵アンスバッハが\n赤獅子、フレイヤに宛てた手紙\n\n彼女の疑問に答えるもののようだが\n紙片は折り畳まれており、読むことはできない\n
2008016	薄汚れた簡易な古地図\n大司祭、ユミル卿から渡されたもの\n\n神秘の遺跡の場所が、記されている\n\n…私はただ、助けになりたいのですよ\n
2008017	薄汚れた簡易な古地図\n大司祭、ユミル卿から渡されたもの\n\n一枚目とは別の\n神秘の遺跡の場所が、記されている\n\n輝ける星の導きが、あらんことを\n
2008018	薄汚れた簡易な古地図\n大司祭、ユミル卿から最後に渡されたもの\n\nこれまでの二枚とは別の\n神秘の遺跡の場所が、記されている\n\n貴方が、輝ける星にならんことを\n
2008019	素焼きの壺に入った黒いシロップ\n\nムーアから、ティエリエに渡すよう頼まれたもの\n\n拾い虫たちが集め、熟成させたらしい\n得体の知れない液体\n
2008020	
2008021	串刺し公、メスメルの内に燃えていた種火\nそれは暗く、邪な蛇に蝕まれている\n\nラウフの古遺跡にあるという\n封印の木を焼くことができる\n\nメスメルもまた、その妹と同じように\n火の幻視を宿していた\n
2008022	
2008023	鍵頭に紋章を象った鉄鍵\n\n影の城の西側の城壁にある\n大門脇の、木の扉を開くことができる\n
2008024	
2008025	焼炉職人が残したメモ書き\n扱いに注意すべき点が記されている\n\n　ゴーレムの焼炉が燃えている場合\n　その中に、壺の炎を混ぜないこと\n\n　特に、渦巻く炎は厳に避けること\n
2008026	
2008027	針の騎士、レダが残した置き手紙\nミケラの足跡を追う、同志たちに宛てられている\n\n　ミケラ様は、きっと向かわれる\n　影に封じられた塔の、神の門に\n\n　我らが、そこに至るためには\n　封印の木を焼くしかない\n\n　その為の火も、必要だろう\n
2008028	落葉のダンが残した置き手紙\nミケラの足跡を追う、同志たちに宛てられている\n\n　封印の木は、この先に見つけた\n\n　だが、それを焼くことができるのは\n　メスメル卿の種火だけだ\n
2008029	簡潔な文章と共に\n手を合わせた僧の姿が描かれた手紙\n\n　君が、格闘者たるを望むなら\n　東に私を探せ\n\n　そして、ただ手合わせを所望せよ\n　言葉は要らぬ\n
2008030	老兵アンスバッハが残した置き手紙\nミケラの足跡を追う、同志たちに宛てられている\n\n　城の者たちは、影樹に通じる教区を\n　水に沈め封じたようです\n\n　けれど、この保管庫からは\n　そこに至ることはできません\n\n　恐らく、この城には\n　別の入口があるのではないでしょうか\n
2008031	拾い虫たちが拾ってきた文書\n情報が簡潔に記されている\n　\n　封印された霊気流を見つけたら\n　付近に石積みを探せ\n　それを崩せば、封印は解ける\n
2008032	破り取られ、捨てられた日記のページに\n震える文字が綴られている\n\n　俺は、一度だけ、やつに触れた　\n\n　やつの杖が、目の前に突き付けられたその時に\n　それを払いのけた\n\n　そして俺は、触れ得ざる翁に\n　確かに触れたんだ\n
2008033	霊墓に稀に生じるという儚い生命\n生物と霊の中間にあるもの\n\n満月の女王レナラの抱く、琥珀のタマゴ\nその秘めたる「産まれ直し」の素材となる\n\n産まれ直しでは\nレベルアップを最初からやり直すことができる\n
2008034	針の騎士、レダが残した置き手紙\nミケラの足跡を追う、同志たちに宛てられている\n\n　ダンから伝言があった\n　封印の木は、ラウフの古遺跡にある\n\n　保管庫１階から通じる、高架橋の先だ\n\n　私も、そこに向かう\n　やるべき事をやった後に\n
2008035	
2008036	鍵頭に紋章を象った鉄鍵\n\n影の城の教区にある教会の\n祈りの間の扉を開くことができる\n
2008037	針の騎士、レダが残した置き手紙\nミケラの足跡を追う、同志たちに宛てられている\n\n　この先、影に封じられた塔に、神の門がある\n　ミケラ様は、きっとそこに向かわれる\n\n　探さなければならない\n　神人ならぬ我らが、そこに至る道を\n\n　私は、十字を辿り、東に向かう\n
2008131	拾い虫たちが拾ってきた文書\n霊気流の封印についての情報が記されている\n\n情報は、買った者だけが確認できる\n
2008200	放浪の画家の作品のひとつ\n「侵攻」と題された絵画の記憶\n\nその画家は、死して消えゆく者たちの\n最期の景色を描くという\n\n今でも、その絵が描かれた場所にいけば\n画家の霊と、最期の名残が見出せよう\n
2008201	放浪の画家の作品のひとつ\n「神の塔」と題された絵画の記憶\n\nその画家は、死して消えゆく者たちの\n最期の景色を描くという\n\n今でも、その絵が描かれた場所にいけば\n画家の霊と、最期の名残が見出せよう\n
2008202	放浪の画家の作品のひとつ\n「竜の境地」と題された絵画の記憶\n\nその画家は、死して消えゆく者たちの\n最期の景色を描くという\n\n今でも、その絵が描かれた場所にいけば\n画家の霊と、最期の名残が見出せよう\n
2008600	墓地平原の地図断片\n\n霊墓の広がる、陰鬱な平原\nその北西には、角人の螺旋塔が聳え\n全土に悲壮な戦禍が刻まれている\n
2008601	影のアルターの地図断片\n\n北東に影樹を仰ぎ見る高地\n影の城を中心とした、メスメル軍の居留地\n黄金樹の地になぞらえて呼ばれている\n
2008602	墓地平原の南にある、海岸の地図断片\n\n青く輝く花に覆われた幻想の海岸\nどこからか流れ着いた巨大な石棺が積み重なり\n東には、ギザ山が空を切り裂いている\n
2008603	ラウフの古遺跡の地図断片\n\n水と緑に侵食された巨大な古遺跡\n地割れにより、大きく二つに分断され\n南西には、影の塔を望む蕾の教会がある\n
2008604	墓地平原の東にある、奈落の地図断片\n\n陽も射さぬ渓谷の底に、深い森が広がっている\n賢者ミドラーの隠遁の地として知られたが\n角人たちは、この場所を禁忌とした\n
2008900	ムーアの死体に残されていた鈴玉\n\n円卓の双子の老婆に捧げることで\nその取引が拡張される\n
2008901	指の母、ユミル卿の\n死体に残されていた鈴玉\n\n円卓の双子の老婆に捧げることで\nその取引が拡張される\n
2008902	戦禍に巻き込まれた\n角人の草売りの遺物\n\n円卓の双子の老婆に捧げることで\n以下のアイテムが取引されるようになる\n\n・ラダの実\n
2008903	戦禍に巻き込まれた\n角人のキノコ売りの遺物\n\n円卓の双子の老婆に捧げることで\n以下のアイテムが取引されるようになる\n\n・キノコ\n・赤肉キノコ\n
2008904	戦禍に巻き込まれた\n角人のキノコ売りの遺物\n\n円卓の双子の老婆に捧げることで\n以下のアイテムが取引されるようになる\n\n・毒カビキノコ\n・白肉キノコ\n
2008905	戦禍に巻き込まれた\n角人の脂売りの遺物\n\n円卓の双子の老婆に捧げることで\n以下のアイテムが取引されるようになる\n\n・根脂\n・瘤脂\n
2008906	戦禍に巻き込まれた\n角人のカビ売りの遺物\n\n円卓の双子の老婆に捧げることで\n以下のアイテムが取引されるようになる\n\n・蠅カビ\n
2008907	竜の戦士、エーゴンの遺した鈴玉\n\n円卓の双子の老婆に捧げることで\n以下のアイテムが取引されるようになる\n\n・エーゴンの銛\n
2008908	魔術技師ラバスの遺した鈴玉\n\n円卓の双子の老婆に捧げることで\n以下のアイテムが取引されるようになる\n\n・ラバスの大ボルト\n
2008909	戦禍に巻き込まれた\n角人の紐売りの遺物\n\n円卓の双子の老婆に捧げることで\n以下のアイテムが取引されるようになる\n\n・紐\n
2009000	
2009001	
2009002	
2009003	
2009004	
2009160	影の地の各所で、影樹の破片を入手できる\n\n祝福で、それを消費することで\n「影樹の加護」を上げることができる\n\n影樹の加護は、それを受けた者の\n攻撃力とカット率を高めるが\n影の地の外では効果を発揮しない\n
2009161	影の地の各所で、霊灰を入手できる\n\n祝福で、それを消費することで\n「霊灰の加護」を上げることができる\n\n霊灰の加護は、召喚する霊体と霊馬の\n攻撃力とカット率を高めるが\n影の地の外では効果を発揮しない\n
2009162	システムメニューの表示タブから\n以下の新機能を設定することができる\n\n・初めて入手したアイテムに<?newItemIcon?>を表示する\n・最近入手したアイテムを専用のタブで確認する\n
2009301	人ならぬ拾い虫たちの製法書\nムーアと、その仲間たちの為に記された善意\n\n以下のアイテムが製作可能になる\n\n・亀首の古漬け\n
2009302	人ならぬ拾い虫たちの製法書\nムーアと、その仲間たちの為に記された善意\n\n以下のアイテムが製作可能になる\n\n・抗魔の肝漬け\n
2009303	人ならぬ拾い虫たちの製法書\nムーアと、その仲間たちの為に記された善意\n\n以下のアイテムが製作可能になる\n\n・抗炎の肝漬け\n
2009304	人ならぬ拾い虫たちの製法書\nムーアと、その仲間たちの為に記された善意\n\n以下のアイテムが製作可能になる\n\n・抗雷の肝漬け\n
2009305	人ならぬ拾い虫たちの製法書\nムーアと、その仲間たちの為に記された善意\n\n以下のアイテムが製作可能になる\n\n・抗聖の肝漬け\n
2009306	人ならぬ拾い虫たちの製法書\nムーアと、その仲間たちの為に記された善意\n\n以下のアイテムが製作可能になる\n\n・真珠色の肝漬け\n
2009307	凶なる竜、ベールに挑み、壊され\n恐怖を植え付けられた戦士の製法書\n人の身で竜を屠る技が記されている\n\n以下のアイテムが製作可能になる\n\n・竜餐の肉塊\n
2009308	指遺跡の研究者の製法書\n神秘に近付き、精神を半ば壊しながら\nかろうじて書き残されたもの\n\n以下のアイテムが製作可能になる\n\n・指紋の秘薬\n
2009309	各地を放浪した大壺師の製法書\n故郷ボニ村の、陰惨な生業に膿んだ男は\n大壺にあらゆるものを詰め込んだ\n\n以下のアイテムが製作可能になる\n\n・大火炎壺\n
2009310	各地を放浪した大壺師の製法書\n故郷ボニ村の、陰惨な生業に膿んだ男は\n大壺にあらゆるものを詰め込んだ\n\n以下のアイテムが製作可能になる\n\n・大魔力壺\n
2009311	各地を放浪した大壺師の製法書\n故郷ボニ村の、陰惨な生業に膿んだ男は\n大壺にあらゆるものを詰め込んだ\n\n以下のアイテムが製作可能になる\n\n・大雷壺\n
2009312	各地を放浪した大壺師の製法書\n故郷ボニ村の、陰惨な生業に膿んだ男は\n大壺にあらゆるものを詰め込んだ\n\n以下のアイテムが製作可能になる\n\n・大岩石壺\n
2009313	各地を放浪した大壺師の製法書\n故郷ボニ村の、陰惨な生業に膿んだ男は\n大壺にあらゆるものを詰め込んだ\n\n以下のアイテムが製作可能になる\n\n・大毒壺\n
2009314	各地を放浪した大壺師の製法書\n故郷ボニ村の、陰惨な生業に膿んだ男は\n大壺にあらゆるものを詰め込んだ\n\n以下のアイテムが製作可能になる\n\n・大腐敗壺\n
2009315	各地を放浪した大壺師の製法書\n故郷ボニ村の、陰惨な生業に膿んだ男は\n大壺にあらゆるものを詰め込んだ\n\n以下のアイテムが製作可能になる\n\n・大蠅壺\n
2009316	各地を放浪した大壺師の製法書\n故郷ボニ村の、陰惨な生業に膿んだ男は\n大壺にあらゆるものを詰め込んだ\n\n以下のアイテムが製作可能になる\n\n・大氷結壺\n
2009317	館の主ミドラーと、その妻ナナヤに仕え\n狂い火に瞳を焼かれた職人の製法書\n\n以下のアイテムが製作可能になる\n\n・大狂い火壺\n
2009318	各地を放浪した大壺師の製法書\n故郷ボニ村の、陰惨な生業に膿んだ男は\n大壺にあらゆるものを詰め込んだ\n\n以下のアイテムが製作可能になる\n\n・大糞壺\n
2009319	各地を放浪した大壺師の製法書\n故郷ボニ村の、陰惨な生業に膿んだ男は\n大壺にあらゆるものを詰め込んだ\n\n以下のアイテムが製作可能になる\n\n・大油壺\n
2009320	各地を放浪した大壺師の製法書\n故郷ボニ村の、陰惨な生業に膿んだ男は\n大壺にあらゆるものを詰め込んだ\n\n以下のアイテムが製作可能になる\n\n・大火山壺\n
2009321	各地を放浪した大壺師の製法書\n故郷ボニ村の、陰惨な生業に膿んだ男は\n大壺にあらゆるものを詰め込んだ\n\n以下のアイテムが製作可能になる\n\n・大怨霊壺\n
2009322	各地を放浪した大壺師の製法書\n故郷ボニ村の、陰惨な生業に膿んだ男は\n大壺にあらゆるものを詰め込んだ\n\n以下のアイテムが製作可能になる\n\n・大赤雷壺\n
2009323	各地を放浪した大壺師の製法書\n故郷ボニ村の、陰惨な生業に膿んだ男は\n大壺にあらゆるものを詰め込んだ\n\n以下のアイテムが製作可能になる\n\n・大焼炉壺\n
2009324	ゴッドウィンの黄金の騎士を追い\n影の地を訪れた、古竜の騎士の製法書\n\n以下のアイテムが製作可能になる\n\n・赤雷壺\n
2009325	館の主ミドラーと、その妻ナナヤに仕え\n狂い火に瞳を焼かれた職人の製法書\n\n以下のアイテムが製作可能になる\n\n・狂い火壺\n・紐付き狂い火壺\n
2009326	眠りの聖女を追い求めた信徒の製法書\nだが優しい眠りは、昏く成熟していた\n\n以下のアイテムが製作可能になる\n\n・永眠壺\n
2009327	串刺し公、メスメルに仕える火の騎士の製法書\n聖戦に向かう兵たちのための\n火の技が記されている\n\n以下のアイテムが製作可能になる\n\n・メスメルの火脂\n・紐付きメスメルの火脂\n
2009328	ゴッドウィンの黄金の騎士を追い\n影の地を訪れた、古竜の騎士の製法書\n\n以下のアイテムが製作可能になる\n\n・竜雷脂\n・紐付き竜雷脂\n
2009329	カーリア王家の従騎士の製法書\n古い魔術騎士の技が記されている\n\n以下のアイテムが製作可能になる\n\n・王家の魔力脂\n・紐付き王家の魔力脂\n
2009330	黄金樹の姿なき影の地で\n信仰を守り、教えを説き続けた\n敬虔な従軍司祭の製法書\n\n以下のアイテムが製作可能になる\n\n・黄金脂\n・紐付き黄金脂\n
2009331	凶なる竜、ベールに挑み、壊され\n恐怖を植え付けられた戦士の製法書\n人の身で竜を屠る技が記されている\n\n以下のアイテムが製作可能になる\n\n・竜餐脂\n・竜餐の銛\n
2009332	黄金樹の姿なき影の地で\n信仰を守り、教えを説き続けた\n敬虔な従軍司祭の製法書\n\n以下のアイテムが製作可能になる\n\n・祝祭脂\n
2009333	人ならぬ拾い虫の製法書\n名も知らぬ恩人に宛てた特別な善意\n\n以下のアイテムが製作可能になる\n\n・スピリット・レーズン\n・魅了の枝\n
2009334	眠りの聖女を追い求めた信徒の製法書\nだが優しい眠りは、昏く成熟していた\n\n以下のアイテムが製作可能になる\n\n・微睡の枝\n
2009335	影の地の墓所、その墓守たちの製法書\n\n以下のアイテムが製作可能になる\n\n・人鳴り石\n
2009336	ラウフの古遺跡を調査した\n角人の学者たちの製法書\n失われた精霊の技が記されている\n\n以下のアイテムが製作可能になる\n\n・精霊石\n
2009337	最古の墓守たる、呼び舟たちの製法書\n死を呼ぶ、古いやり方が記されている\n\n以下のアイテムが製作可能になる\n\n・ティビアの呼び声\n
2009338	館の主ミドラーと、その妻ナナヤに仕え\n狂い火に瞳を焼かれた職人の製法書\n\n以下のアイテムが製作可能になる\n\n・迸る狂い火\n
2009339	黄金樹の姿なき影の地で\n信仰を守り、教えを説き続けた\n敬虔な従軍司祭の製法書\n\n以下のアイテムが製作可能になる\n\n・黄金樹に誓って\n
2009340	串刺し公、メスメルに仕える火の騎士の製法書\n聖戦に向かう兵たちのための\n火の技が記されている\n\n以下のアイテムが製作可能になる\n\n・火の蜷局\n
2009341	ラウフの古遺跡を調査した\n角人の学者たちの製法書\n失われた精霊の技が記されている\n\n以下のアイテムが製作可能になる\n\n・火霊石\n
2009342	指遺跡の研究者の製法書\n神秘に近付き、精神を半ば壊しながら\nかろうじて書き残されたもの\n\n以下のアイテムが製作可能になる\n\n・輝く爪\n
2009343	黄金樹の姿なき影の地で\n信仰を守り、教えを説き続けた\n敬虔な従軍司祭の製法書\n\n以下のアイテムが製作可能になる\n\n・陽だまり石\n
2009344	影の地の墓所、その墓守たちの製法書\n\n以下のアイテムが製作可能になる\n\n・骨の誘い矢\n・骨の誘い矢（羽付き）\n・骨の誘いボルト\n
2009345	眠りの聖女を追い求めた信徒の製法書\nだが優しい眠りは、昏く成熟していた\n\n以下のアイテムが製作可能になる\n\n・永眠脂\n・紐付き永眠脂\n
2009500	壊れても、また復元する大きな空壺\nヒビ大壺アイテムの製作に必要となる容器\n\nその内に様々な素材と術を封じ\n投げつけることで効果を発揮する\n\nボニ村の大壺師たちがこれを作り\n冷たい牢獄に納めるのだという\n
2010000	黄金の輝きを含んだ、影樹の破片\n影の地の、マリカの教会などで手に入る\n\n祝福で、これを消費することで\n「影樹の加護」を上げることができる\nその加護は、それを受けた者の\n攻撃力とカット率を高めるが\n影の地の外では効果を発揮しない\n\nそれは、影樹が内から壊れるとき\n影の地の全土に飛び散るのだといい\n黄金樹の民は、それを集めて祈っている\n
2010100	強い霊性を纏った祖先の遺灰\n影の地の各地にある、街や村に祀られた\n角人の遺体などから手に入る\n\n祝福で、これを消費することで\n「霊灰の加護」を上げることができる\nその加護は、召喚する霊体と霊馬の\n攻撃力とカット率を高めるが\n影の地の外では効果を発揮しない\n\nその乾いた遺体は、土地神と呼ばれ\n霊灰は、その掌にそっと生じるという\n
2011000	飛散した影樹の樹液が\n焼炉のゴーレムの底に溜まり\n永き時の末に生じた、結晶の雫\n\n「霊薬の聖杯瓶」に配合し\n一定時間、すべてのスタミナ消費がゼロになる\n\nその効果は、ごく短時間で失われる\n
2011001	
2011002	
2011003	
2011004	
2011005	
2011006	
2011007	
2011008	
2011009	
2011010	飛散した影樹の樹液が\n焼炉のゴーレムの底に溜まり\n永き時の末に生じた、結晶の雫\n\n「霊薬の聖杯瓶」に配合し\n一定時間、周囲の味方のＨＰを少しずつ回復する\n\n自身には影響を及ぼさない\n
2011011	
2011012	
2011013	
2011014	
2011015	
2011016	
2011017	
2011018	
2011019	
2011020	飛散した影樹の樹液が\n焼炉のゴーレムの底に溜まり\n永き時の末に生じた、結晶の雫\n\n「霊薬の聖杯瓶」に配合し\n一定時間、攻撃によりＨＰを回復する\n
2011021	
2011022	
2011023	
2011024	
2011025	
2011026	
2011027	
2011028	
2011029	
2011030	飛散した影樹の樹液が\n焼炉のゴーレムの底に溜まり\n永き時の末に生じた、結晶の雫\n\n「霊薬の聖杯瓶」に配合し\n一定時間、攻撃によりＦＰを回復する\n
2011031	
2011032	
2011033	
2011034	
2011035	
2011036	
2011037	
2011038	
2011039	
2011040	飛散した影樹の樹液が\n焼炉のゴーレムの底に溜まり\n永き時の末に生じた、結晶の雫\n\n「霊薬の聖杯瓶」に配合し\n一定時間、油汗を飛び散らせ\n周囲の敵を油まみれにする\n\n油まみれになった敵に対しては\n炎ダメージが大きくなる\n
2011041	
2011042	
2011043	
2011044	
2011045	
2011046	
2011047	
2011048	
2011049	
2011050	飛散した影樹の樹液が\n焼炉のゴーレムの底に溜まり\n永き時の末に生じた、結晶の雫\n\n「霊薬の聖杯瓶」に配合し\n一定時間、攻撃力を高めるが\nＨＰが減り続ける\n
2011051	
2011052	
2011053	
2011054	
2011055	
2011056	
2011057	
2011058	
2011059	
2011060	飛散した影樹の樹液が\n焼炉のゴーレムの底に溜まり\n永き時の末に生じた、結晶の雫\n\n「霊薬の聖杯瓶」に配合し\n一定時間、霊体の攻撃力を高める\n
2011061	
2011062	
2011063	
2011064	
2011065	
2011066	
2011067	
2011068	
2011069	
2011070	飛散した影樹の樹液が\n焼炉のゴーレムの底に溜まり\n永き時の末に生じた、結晶の雫\n\n「霊薬の聖杯瓶」に配合し\n一定時間、瞬間的なガードを強化する\n\nガード姿勢をとった直後だけ\nカット率とガード強度が高まる\nまた、そのガードに成功した場合\nガードカウンターも強化される\n
2015000	霊性を帯びた角\nアイテム製作に用いる素材のひとつ\n\n影の地の、角の生えた獣から手に入ることがある\n\n影の地の獣には坩堝の影響が色濃く\n種によらず、角の生えた個体が見られる\n
2015001	
2015002	
2015003	
2015004	
2015005	
2015006	
2015007	
2015008	
2015009	
2015010	稀に手に入る、霊性を帯びた結石\nアイテム製作に用いる素材のひとつ\n\nラウフの古遺跡の\n角の生えた獣から手に入ることがある\n\n独特の強い刺激臭があり\n特に霊格が高いとされる\n
2015011	
2015012	
2015013	
2015014	
2015015	
2015016	
2015017	
2015018	
2015019	
2015020	真珠色に輝く、透けるように薄い硬片\nアイテム製作に用いる素材のひとつ\n\nヤツメを倒すと、手に入ることがある\n\nそれは、退化したウロコであり\nヤツメの皮膚の下に埋まっている\n
2015021	
2015022	
2015023	
2015024	
2015025	
2015026	
2015027	
2015028	
2015029	
2015030	蜘蛛サソリの新鮮な内臓\n肝とは呼ばれるが、実体は定かではない\nアイテム製作に用いる素材のひとつ\n\n蜘蛛サソリを倒すと、手に入ることがある\n\n痺れるような毒性を持つ珍味\n
2015031	
2015032	
2015033	
2015034	
2015035	
2015036	
2015037	
2015038	
2015039	
2015040	甘く不快な死臭がする真菌の一種\nアイテム製作に用いる素材のひとつ\n\n人蠅を倒すと、手に入ることがある\n\n人蠅の血肉を苗床として繁殖し\n壺の中身として使用される\n
2020001	霊墓の草になる小さな実\nアイテム製作に用いる素材のひとつ\n\n影の地の各地で、容易に手に入るが\n苦味が強く、人の食用には適さない\n
2020002	陰鬱な地に育つ赤いキノコ\nアイテム製作に用いる素材のひとつ\n\n影の地の各地で、容易に手に入る\n\nその身質は生肉に近く\n壺の中身として使用される\n
2020003	陰鬱な地に育つ乳白色のキノコ\nアイテム製作に用いる素材のひとつ\n\n影の地の各地で、容易に手に入る\n\nその身質は生肉に近く\n壺の中身として使用される\n
2020004	木の根に生じる、瘤状の天然樹脂\nアイテム製作に用いる素材のひとつ\n\n影の地の各地、木の根の側で手に入る\n\n原始的な触媒の性質を持ち\n魔術や祈祷などによる加工に向く\n
2020005	夜色の露を含んだ多肉植物\nアイテム製作に用いる素材のひとつ\n\n夜に光を帯び、主に水辺に咲く\n\n古くは精霊治療に用いられたという\n
2020006	炭化した黒い羽を持つ火の蝶\nアイテム製作に用いる素材のひとつ\n\nメスメルの火に焼き払われた\n戦禍の地に舞っている\n\n暗く細い、ひも状の火に燃えている\n
2020007	品種改良された輝石ホタル\nアイテム製作に用いる素材のひとつ\n\n主に、マヌス・メテルの周辺で手に入る\n\n発光部の輝石が歪に巨大化し\nその命はとても短い\n
2020008	雷を帯びた黄色い花\nアイテム製作に用いる素材のひとつ\n\n影の地の地下墓や、落雷の地に咲く\n\n黄色の雷を帯びている\n
2020009	影樹に向かって咲く大輪の花\nアイテム製作に用いる素材のひとつ\n\n影樹の近くで手に入る\n\n暗く影を帯び、拒絶の刺を纏い\nその内に強い聖性を宿している\nまるで、影樹そのもののように\n
2020010	毒液をため込んだ大きなコケムシ\nアイテム製作に用いる素材のひとつ\n\n毒沼に転がっている\n\n可愛らしい赤子のように\nその体を丸めている\n
2020011	腐敗し、咲くことのない大きな蕾\nアイテム製作に用いる素材のひとつ\n\n朱い腐敗の地に育つ\n\nかつて、その蕾は腐敗しておらず\nラウフの古遺跡の端にあるという\n小さな教会の象徴であった\n
2020012	肉厚の花弁を持つ血の花\nアイテム製作に用いる素材のひとつ\n\n血鬼たちが、血だまりにこれを育てる\n\n鬼どももまた\n血の美を愛でるのだろうか\n
2020013	凍り付いてなお蠢く蛆虫\nアイテム製作に用いる素材のひとつ\n\n主に、牢獄で手に入る\n\n蛆虫は、大壺の中身に湧き\n囚人たちの貴重な食料となる\n
2020014	たおやかに萎びかけた深紫のスイレン\nアイテム製作に用いる素材のひとつ\n\n海岸の青い花畑に咲く\n\nその花蜜は、まるで濃密な毒のように\n甘く昏い眠りをもたらす\n
2020015	昏紫の蜜を湛えた若芽\nアイテム製作に用いる素材のひとつ\n\n稀にしか見ることはできない\n\n棄てられたトリーナの\n蜜血の血だまりに芽吹くという\n
2020016	狂い火のブドウを吊り下げた羽虫\nアイテム製作に用いる素材のひとつ\n\n奈落の森を、ゆらゆらと飛んでいる\n\n触れ得ざる翁の予兆とされ\n賢明な者は、これを見てなお\nその地に踏み込むことはない\n
2020017	内側から膨れ上がった、狂い火の瞳\nアイテム製作に用いる素材のひとつ\n\n稀にしか見ることはできない\n\n三本指の抱擁を、直に受けた証として\n指痕の火傷が刻まれている\n
2020018	古い墓守の頭蓋骨\nアイテム製作に用いる素材のひとつ\n\n主に、カロの隠し墓地で手に入る\n\n古い墓守は舟の漕ぎ手であり\n朽ち果ててなお死者を呼ぶ\n
2020019	大型の肉食獣の排泄物\n角の残骸の混ざった大便\nアイテム製作に用いる素材のひとつ\n\n獣の森などに落ちている\n\n最も危険な、角を持つ肉食獣は\n同様に角の生えた個体ばかりを\n好んで襲い、食べるという\n
2020020	高温のガスを含ませた四角い石\nアイテム製作に用いる素材のひとつ\n\n鍛冶遺跡で手に入る\n\nかつて鍛冶用に作られた燃料であろう\n
2020021	墓地に咲く霊炎の花\nアイテム製作に用いる素材のひとつ\n\nカロの隠し墓地に咲く\n\n墓紫と呼ばれる、墓地の花の同種であり\n半ば実体なく、音もなく燃えている\n
2020022	掠れた音で鳴く鈴虫\nアイテム製作に用いる素材のひとつ\n\n主に、石棺の近くで見られる\n\nその鳴き声は\n安息なき死者が蠢く物音であり\nまた、その呼び声であるという\n
2020023	熱い血の流れる異形の花\nアイテム製作に用いる素材のひとつ\n\n稀にしか見ることはできない\n\n幾度となく竜餐を行った戦士の死体\nその心臓に一輪だけが咲くという\n
2020024	老人の指に似た薄桃色のキノコ\nアイテム製作に用いる素材のひとつ\n\n稀にしか見ることはできない\n\n指になろうとする者たちの幻覚剤\nそれは、二本指の産まれそこないであるという\n
2020025	神人の血を湛えた若芽\nアイテム製作に用いる素材のひとつ\n\n稀にしか見ることはできない\n\n神人ミケラの傷から流れ出た\n黄金の血だまりに芽吹くという\n
2020026	石棺から漏れ出る青黒い泥濘\nそのどろりと固まったもの\nアイテム製作に用いる素材のひとつ\n\n石棺が流れ着く地の、地下で手に入る\n\n泥濘とは、石棺に納められた\n穢れた命のなれの果てであるという\n
2020027	水の流れに磨かれた丸い岩\nアイテム製作に用いる素材のひとつで\nそのまま投げつけることもできる\n\n川辺などに転がっている\n\n全体にひび割れ、壊れやすい\n
2020028	霊になりかけの墓石の欠片\nアイテム製作に用いる素材のひとつ\n\n主に、墓地平原で手に入る\n\n古来より死の集まる場所では\n古い墓石から霊となり、そして消えていく\n
2020029	彫刻の施された楕円形の石\nアイテム製作に用いる素材のひとつ\n\nラウフの古遺跡で発見される遺物\n\n石の中央には小さな巣穴があり\nそこに精霊を宿らせ、呪具とする\n
2020030	蛇のようなひも状の残り火\nアイテム製作に用いる素材のひとつ\n\n主に、影のアルターで手に入る\n\n聖戦の象徴たるメスメルの火の残滓であり\n地を這うように燻っている\n
2020031	黄金に輝く遺骨の欠片\nアイテム製作に用いる素材のひとつ\n\n稀にしか見ることはできない\n\n影の地に倒れた戦士たちの遺骨\nその欠片に、影樹の黄金が降ったもの\n死に与えられる最上の栄誉のひとつとされる\n
2020032	赤い雷を帯びた花\nアイテム製作に用いる素材のひとつ\n\n南の海岸にある、ギザ山で手に入る\n\n古竜の赤い雷、その落雷に咲くという\n
2020033	うっすらと指紋が刻まれた石の薄片\nアイテム製作に用いる素材のひとつ\n\n指遺跡で手に入る\n\n指遺跡に生える、柱のような石の指\nその先端部が剥離したもの\n
2020034	特に鋭く尖ったさざれ石\nアイテム製作に用いる素材のひとつ\n\n南の海岸にある、ギザ山で手に入る\n\nそれは、竜の血を吸った古竜のウロコである\n
2020035	焼炉のゴーレムの顔。その小さな似姿\nアイテム製作に用いる素材のひとつ\n\n稀にしか見ることはできない\n\n曲がった角に囲まれた石の面は\n角人たちの伝承にある、火の悪神である\n
2200000	霊魂の宿った遺灰\n呪剣士ミラの霊体を召喚する\n召喚された直後から戦いはじめる\n\n揺らめく円刃を、舞うように振るう呪剣士は\n土地神になれなかった修験者であり\n角人の土地を侵す者の災いである\n\nかつて、この地に侵略の影が無かった頃\n災いは忌避され、呪剣士たちは牢獄に幽閉された\nミラもまた幽閉され、ラビリスと交わり\nその死が、彼に闇をもたらしたという\n
2200001	霊魂の宿った遺灰\n呪剣士ミラの霊体を召喚する\n召喚された直後から戦いはじめる\n\n揺らめく円刃を、舞うように振るう呪剣士は\n土地神になれなかった修験者であり\n角人の土地を侵す者の災いである\n\nかつて、この地に侵略の影が無かった頃\n災いは忌避され、呪剣士たちは牢獄に幽閉された\nミラもまた幽閉され、ラビリスと交わり\nその死が、彼に闇をもたらしたという\n
2200002	霊魂の宿った遺灰\n呪剣士ミラの霊体を召喚する\n召喚された直後から戦いはじめる\n\n揺らめく円刃を、舞うように振るう呪剣士は\n土地神になれなかった修験者であり\n角人の土地を侵す者の災いである\n\nかつて、この地に侵略の影が無かった頃\n災いは忌避され、呪剣士たちは牢獄に幽閉された\nミラもまた幽閉され、ラビリスと交わり\nその死が、彼に闇をもたらしたという\n
2200003	霊魂の宿った遺灰\n呪剣士ミラの霊体を召喚する\n召喚された直後から戦いはじめる\n\n揺らめく円刃を、舞うように振るう呪剣士は\n土地神になれなかった修験者であり\n角人の土地を侵す者の災いである\n\nかつて、この地に侵略の影が無かった頃\n災いは忌避され、呪剣士たちは牢獄に幽閉された\nミラもまた幽閉され、ラビリスと交わり\nその死が、彼に闇をもたらしたという\n
2200004	霊魂の宿った遺灰\n呪剣士ミラの霊体を召喚する\n召喚された直後から戦いはじめる\n\n揺らめく円刃を、舞うように振るう呪剣士は\n土地神になれなかった修験者であり\n角人の土地を侵す者の災いである\n\nかつて、この地に侵略の影が無かった頃\n災いは忌避され、呪剣士たちは牢獄に幽閉された\nミラもまた幽閉され、ラビリスと交わり\nその死が、彼に闇をもたらしたという\n
2200005	霊魂の宿った遺灰\n呪剣士ミラの霊体を召喚する\n召喚された直後から戦いはじめる\n\n揺らめく円刃を、舞うように振るう呪剣士は\n土地神になれなかった修験者であり\n角人の土地を侵す者の災いである\n\nかつて、この地に侵略の影が無かった頃\n災いは忌避され、呪剣士たちは牢獄に幽閉された\nミラもまた幽閉され、ラビリスと交わり\nその死が、彼に闇をもたらしたという\n
2200006	霊魂の宿った遺灰\n呪剣士ミラの霊体を召喚する\n召喚された直後から戦いはじめる\n\n揺らめく円刃を、舞うように振るう呪剣士は\n土地神になれなかった修験者であり\n角人の土地を侵す者の災いである\n\nかつて、この地に侵略の影が無かった頃\n災いは忌避され、呪剣士たちは牢獄に幽閉された\nミラもまた幽閉され、ラビリスと交わり\nその死が、彼に闇をもたらしたという\n
2200007	霊魂の宿った遺灰\n呪剣士ミラの霊体を召喚する\n召喚された直後から戦いはじめる\n\n揺らめく円刃を、舞うように振るう呪剣士は\n土地神になれなかった修験者であり\n角人の土地を侵す者の災いである\n\nかつて、この地に侵略の影が無かった頃\n災いは忌避され、呪剣士たちは牢獄に幽閉された\nミラもまた幽閉され、ラビリスと交わり\nその死が、彼に闇をもたらしたという\n
2200008	霊魂の宿った遺灰\n呪剣士ミラの霊体を召喚する\n召喚された直後から戦いはじめる\n\n揺らめく円刃を、舞うように振るう呪剣士は\n土地神になれなかった修験者であり\n角人の土地を侵す者の災いである\n\nかつて、この地に侵略の影が無かった頃\n災いは忌避され、呪剣士たちは牢獄に幽閉された\nミラもまた幽閉され、ラビリスと交わり\nその死が、彼に闇をもたらしたという\n
2200009	霊魂の宿った遺灰\n呪剣士ミラの霊体を召喚する\n召喚された直後から戦いはじめる\n\n揺らめく円刃を、舞うように振るう呪剣士は\n土地神になれなかった修験者であり\n角人の土地を侵す者の災いである\n\nかつて、この地に侵略の影が無かった頃\n災いは忌避され、呪剣士たちは牢獄に幽閉された\nミラもまた幽閉され、ラビリスと交わり\nその死が、彼に闇をもたらしたという\n
2200010	霊魂の宿った遺灰\n呪剣士ミラの霊体を召喚する\n召喚された直後から戦いはじめる\n\n揺らめく円刃を、舞うように振るう呪剣士は\n土地神になれなかった修験者であり\n角人の土地を侵す者の災いである\n\nかつて、この地に侵略の影が無かった頃\n災いは忌避され、呪剣士たちは牢獄に幽閉された\nミラもまた幽閉され、ラビリスと交わり\nその死が、彼に闇をもたらしたという\n
2201000	霊魂の宿った遺灰\n血鬼の呪術師の霊体を召喚する\n召喚には、ＦＰでなくＨＰを消費する\n\n聖槍の血授と、血炎の呪術を用いる霊体\n敵に出血を強い、それに興奮を覚える\n\nかつて、虐げられた奴隷の一族は\n戦禍の傷痕に異形の神性を見出し、血鬼となった\n真実の母は、救いであった\n
2201001	霊魂の宿った遺灰\n血鬼の呪術師の霊体を召喚する\n召喚には、ＦＰでなくＨＰを消費する\n\n聖槍の血授と、血炎の呪術を用いる霊体\n敵に出血を強い、それに興奮を覚える\n\nかつて、虐げられた奴隷の一族は\n戦禍の傷痕に異形の神性を見出し、血鬼となった\n真実の母は、救いであった\n
2201002	霊魂の宿った遺灰\n血鬼の呪術師の霊体を召喚する\n召喚には、ＦＰでなくＨＰを消費する\n\n聖槍の血授と、血炎の呪術を用いる霊体\n敵に出血を強い、それに興奮を覚える\n\nかつて、虐げられた奴隷の一族は\n戦禍の傷痕に異形の神性を見出し、血鬼となった\n真実の母は、救いであった\n
2201003	霊魂の宿った遺灰\n血鬼の呪術師の霊体を召喚する\n召喚には、ＦＰでなくＨＰを消費する\n\n聖槍の血授と、血炎の呪術を用いる霊体\n敵に出血を強い、それに興奮を覚える\n\nかつて、虐げられた奴隷の一族は\n戦禍の傷痕に異形の神性を見出し、血鬼となった\n真実の母は、救いであった\n
2201004	霊魂の宿った遺灰\n血鬼の呪術師の霊体を召喚する\n召喚には、ＦＰでなくＨＰを消費する\n\n聖槍の血授と、血炎の呪術を用いる霊体\n敵に出血を強い、それに興奮を覚える\n\nかつて、虐げられた奴隷の一族は\n戦禍の傷痕に異形の神性を見出し、血鬼となった\n真実の母は、救いであった\n
2201005	霊魂の宿った遺灰\n血鬼の呪術師の霊体を召喚する\n召喚には、ＦＰでなくＨＰを消費する\n\n聖槍の血授と、血炎の呪術を用いる霊体\n敵に出血を強い、それに興奮を覚える\n\nかつて、虐げられた奴隷の一族は\n戦禍の傷痕に異形の神性を見出し、血鬼となった\n真実の母は、救いであった\n
2201006	霊魂の宿った遺灰\n血鬼の呪術師の霊体を召喚する\n召喚には、ＦＰでなくＨＰを消費する\n\n聖槍の血授と、血炎の呪術を用いる霊体\n敵に出血を強い、それに興奮を覚える\n\nかつて、虐げられた奴隷の一族は\n戦禍の傷痕に異形の神性を見出し、血鬼となった\n真実の母は、救いであった\n
2201007	霊魂の宿った遺灰\n血鬼の呪術師の霊体を召喚する\n召喚には、ＦＰでなくＨＰを消費する\n\n聖槍の血授と、血炎の呪術を用いる霊体\n敵に出血を強い、それに興奮を覚える\n\nかつて、虐げられた奴隷の一族は\n戦禍の傷痕に異形の神性を見出し、血鬼となった\n真実の母は、救いであった\n
2201008	霊魂の宿った遺灰\n血鬼の呪術師の霊体を召喚する\n召喚には、ＦＰでなくＨＰを消費する\n\n聖槍の血授と、血炎の呪術を用いる霊体\n敵に出血を強い、それに興奮を覚える\n\nかつて、虐げられた奴隷の一族は\n戦禍の傷痕に異形の神性を見出し、血鬼となった\n真実の母は、救いであった\n
2201009	霊魂の宿った遺灰\n血鬼の呪術師の霊体を召喚する\n召喚には、ＦＰでなくＨＰを消費する\n\n聖槍の血授と、血炎の呪術を用いる霊体\n敵に出血を強い、それに興奮を覚える\n\nかつて、虐げられた奴隷の一族は\n戦禍の傷痕に異形の神性を見出し、血鬼となった\n真実の母は、救いであった\n
2201010	霊魂の宿った遺灰\n血鬼の呪術師の霊体を召喚する\n召喚には、ＦＰでなくＨＰを消費する\n\n聖槍の血授と、血炎の呪術を用いる霊体\n敵に出血を強い、それに興奮を覚える\n\nかつて、虐げられた奴隷の一族は\n戦禍の傷痕に異形の神性を見出し、血鬼となった\n真実の母は、救いであった\n
2202000	霊魂の宿った遺灰\n墓守鳥の霊体を召喚する\n\n霊墓の番人たる古いゴーレムの霊体\n石の翼で飛び、霊炎のブレスを吐く\n\nそれは、死の鳥の眷属として作られたという\n
2202001	霊魂の宿った遺灰\n墓守鳥の霊体を召喚する\n\n霊墓の番人たる古いゴーレムの霊体\n石の翼で飛び、霊炎のブレスを吐く\n\nそれは、死の鳥の眷属として作られたという\n
2202002	霊魂の宿った遺灰\n墓守鳥の霊体を召喚する\n\n霊墓の番人たる古いゴーレムの霊体\n石の翼で飛び、霊炎のブレスを吐く\n\nそれは、死の鳥の眷属として作られたという\n
2202003	霊魂の宿った遺灰\n墓守鳥の霊体を召喚する\n\n霊墓の番人たる古いゴーレムの霊体\n石の翼で飛び、霊炎のブレスを吐く\n\nそれは、死の鳥の眷属として作られたという\n
2202004	霊魂の宿った遺灰\n墓守鳥の霊体を召喚する\n\n霊墓の番人たる古いゴーレムの霊体\n石の翼で飛び、霊炎のブレスを吐く\n\nそれは、死の鳥の眷属として作られたという\n
2202005	霊魂の宿った遺灰\n墓守鳥の霊体を召喚する\n\n霊墓の番人たる古いゴーレムの霊体\n石の翼で飛び、霊炎のブレスを吐く\n\nそれは、死の鳥の眷属として作られたという\n
2202006	霊魂の宿った遺灰\n墓守鳥の霊体を召喚する\n\n霊墓の番人たる古いゴーレムの霊体\n石の翼で飛び、霊炎のブレスを吐く\n\nそれは、死の鳥の眷属として作られたという\n
2202007	霊魂の宿った遺灰\n墓守鳥の霊体を召喚する\n\n霊墓の番人たる古いゴーレムの霊体\n石の翼で飛び、霊炎のブレスを吐く\n\nそれは、死の鳥の眷属として作られたという\n
2202008	霊魂の宿った遺灰\n墓守鳥の霊体を召喚する\n\n霊墓の番人たる古いゴーレムの霊体\n石の翼で飛び、霊炎のブレスを吐く\n\nそれは、死の鳥の眷属として作られたという\n
2202009	霊魂の宿った遺灰\n墓守鳥の霊体を召喚する\n\n霊墓の番人たる古いゴーレムの霊体\n石の翼で飛び、霊炎のブレスを吐く\n\nそれは、死の鳥の眷属として作られたという\n
2202010	霊魂の宿った遺灰\n墓守鳥の霊体を召喚する\n\n霊墓の番人たる古いゴーレムの霊体\n石の翼で飛び、霊炎のブレスを吐く\n\nそれは、死の鳥の眷属として作られたという\n
2203000	霊魂の宿った遺灰\n火の騎士、ヒルドの霊体を召喚する\n\nメスメルの直属となる、火の騎士の霊体\n細身の大剣を振るい、火の祈祷を用いる\n\nヒルドは、賢者ザルツァの友であり\n種の保管の提唱者の一人であった\nその遺灰は、保管庫の守りとして祀られたという\n
2203001	霊魂の宿った遺灰\n火の騎士、ヒルドの霊体を召喚する\n\nメスメルの直属となる、火の騎士の霊体\n細身の大剣を振るい、火の祈祷を用いる\n\nヒルドは、賢者ザルツァの友であり\n種の保管の提唱者の一人であった\nその遺灰は、保管庫の守りとして祀られたという\n
2203002	霊魂の宿った遺灰\n火の騎士、ヒルドの霊体を召喚する\n\nメスメルの直属となる、火の騎士の霊体\n細身の大剣を振るい、火の祈祷を用いる\n\nヒルドは、賢者ザルツァの友であり\n種の保管の提唱者の一人であった\nその遺灰は、保管庫の守りとして祀られたという\n
2203003	霊魂の宿った遺灰\n火の騎士、ヒルドの霊体を召喚する\n\nメスメルの直属となる、火の騎士の霊体\n細身の大剣を振るい、火の祈祷を用いる\n\nヒルドは、賢者ザルツァの友であり\n種の保管の提唱者の一人であった\nその遺灰は、保管庫の守りとして祀られたという\n
2203004	霊魂の宿った遺灰\n火の騎士、ヒルドの霊体を召喚する\n\nメスメルの直属となる、火の騎士の霊体\n細身の大剣を振るい、火の祈祷を用いる\n\nヒルドは、賢者ザルツァの友であり\n種の保管の提唱者の一人であった\nその遺灰は、保管庫の守りとして祀られたという\n
2203005	霊魂の宿った遺灰\n火の騎士、ヒルドの霊体を召喚する\n\nメスメルの直属となる、火の騎士の霊体\n細身の大剣を振るい、火の祈祷を用いる\n\nヒルドは、賢者ザルツァの友であり\n種の保管の提唱者の一人であった\nその遺灰は、保管庫の守りとして祀られたという\n
2203006	霊魂の宿った遺灰\n火の騎士、ヒルドの霊体を召喚する\n\nメスメルの直属となる、火の騎士の霊体\n細身の大剣を振るい、火の祈祷を用いる\n\nヒルドは、賢者ザルツァの友であり\n種の保管の提唱者の一人であった\nその遺灰は、保管庫の守りとして祀られたという\n
2203007	霊魂の宿った遺灰\n火の騎士、ヒルドの霊体を召喚する\n\nメスメルの直属となる、火の騎士の霊体\n細身の大剣を振るい、火の祈祷を用いる\n\nヒルドは、賢者ザルツァの友であり\n種の保管の提唱者の一人であった\nその遺灰は、保管庫の守りとして祀られたという\n
2203008	霊魂の宿った遺灰\n火の騎士、ヒルドの霊体を召喚する\n\nメスメルの直属となる、火の騎士の霊体\n細身の大剣を振るい、火の祈祷を用いる\n\nヒルドは、賢者ザルツァの友であり\n種の保管の提唱者の一人であった\nその遺灰は、保管庫の守りとして祀られたという\n
2203009	霊魂の宿った遺灰\n火の騎士、ヒルドの霊体を召喚する\n\nメスメルの直属となる、火の騎士の霊体\n細身の大剣を振るい、火の祈祷を用いる\n\nヒルドは、賢者ザルツァの友であり\n種の保管の提唱者の一人であった\nその遺灰は、保管庫の守りとして祀られたという\n
2203010	霊魂の宿った遺灰\n火の騎士、ヒルドの霊体を召喚する\n\nメスメルの直属となる、火の騎士の霊体\n細身の大剣を振るい、火の祈祷を用いる\n\nヒルドは、賢者ザルツァの友であり\n種の保管の提唱者の一人であった\nその遺灰は、保管庫の守りとして祀られたという\n
2204000	霊魂の宿った遺灰\n蜘蛛サソリの霊体を召喚する\n\n人の身体よりも大きいサソリの霊体\n鋏と尾で攻撃し、尾の刺は毒を持つ\n離れた場所に召喚される\n\nそれは、影の地の固有種であるが\n本来もっと小さなものであった\n現在のような大きな個体は\n蕾の教会の子らだという\n
2204001	霊魂の宿った遺灰\n蜘蛛サソリの霊体を召喚する\n\n人の身体よりも大きいサソリの霊体\n鋏と尾で攻撃し、尾の刺は毒を持つ\n離れた場所に召喚される\n\nそれは、影の地の固有種であるが\n本来もっと小さなものであった\n現在のような大きな個体は\n蕾の教会の子らだという\n
2204002	霊魂の宿った遺灰\n蜘蛛サソリの霊体を召喚する\n\n人の身体よりも大きいサソリの霊体\n鋏と尾で攻撃し、尾の刺は毒を持つ\n離れた場所に召喚される\n\nそれは、影の地の固有種であるが\n本来もっと小さなものであった\n現在のような大きな個体は\n蕾の教会の子らだという\n
2204003	霊魂の宿った遺灰\n蜘蛛サソリの霊体を召喚する\n\n人の身体よりも大きいサソリの霊体\n鋏と尾で攻撃し、尾の刺は毒を持つ\n離れた場所に召喚される\n\nそれは、影の地の固有種であるが\n本来もっと小さなものであった\n現在のような大きな個体は\n蕾の教会の子らだという\n
2204004	霊魂の宿った遺灰\n蜘蛛サソリの霊体を召喚する\n\n人の身体よりも大きいサソリの霊体\n鋏と尾で攻撃し、尾の刺は毒を持つ\n離れた場所に召喚される\n\nそれは、影の地の固有種であるが\n本来もっと小さなものであった\n現在のような大きな個体は\n蕾の教会の子らだという\n
2204005	霊魂の宿った遺灰\n蜘蛛サソリの霊体を召喚する\n\n人の身体よりも大きいサソリの霊体\n鋏と尾で攻撃し、尾の刺は毒を持つ\n離れた場所に召喚される\n\nそれは、影の地の固有種であるが\n本来もっと小さなものであった\n現在のような大きな個体は\n蕾の教会の子らだという\n
2204006	霊魂の宿った遺灰\n蜘蛛サソリの霊体を召喚する\n\n人の身体よりも大きいサソリの霊体\n鋏と尾で攻撃し、尾の刺は毒を持つ\n離れた場所に召喚される\n\nそれは、影の地の固有種であるが\n本来もっと小さなものであった\n現在のような大きな個体は\n蕾の教会の子らだという\n
2204007	霊魂の宿った遺灰\n蜘蛛サソリの霊体を召喚する\n\n人の身体よりも大きいサソリの霊体\n鋏と尾で攻撃し、尾の刺は毒を持つ\n離れた場所に召喚される\n\nそれは、影の地の固有種であるが\n本来もっと小さなものであった\n現在のような大きな個体は\n蕾の教会の子らだという\n
2204008	霊魂の宿った遺灰\n蜘蛛サソリの霊体を召喚する\n\n人の身体よりも大きいサソリの霊体\n鋏と尾で攻撃し、尾の刺は毒を持つ\n離れた場所に召喚される\n\nそれは、影の地の固有種であるが\n本来もっと小さなものであった\n現在のような大きな個体は\n蕾の教会の子らだという\n
2204009	霊魂の宿った遺灰\n蜘蛛サソリの霊体を召喚する\n\n人の身体よりも大きいサソリの霊体\n鋏と尾で攻撃し、尾の刺は毒を持つ\n離れた場所に召喚される\n\nそれは、影の地の固有種であるが\n本来もっと小さなものであった\n現在のような大きな個体は\n蕾の教会の子らだという\n
2204010	霊魂の宿った遺灰\n蜘蛛サソリの霊体を召喚する\n\n人の身体よりも大きいサソリの霊体\n鋏と尾で攻撃し、尾の刺は毒を持つ\n離れた場所に召喚される\n\nそれは、影の地の固有種であるが\n本来もっと小さなものであった\n現在のような大きな個体は\n蕾の教会の子らだという\n
2205000	霊魂の宿った遺灰\n角人の責問官の霊体を２体召喚する\n\n逆棘の燭台を持つ、責問の老婆たちの霊体\n塔の呪術により、一方はＨＰを回復し\nもう一方は自身の攻撃力を高める\n\n責問は、時に幼い心を迷わせる\n故にそれは、老いた者たちの役目だった\n
2205001	霊魂の宿った遺灰\n角人の責問官の霊体を２体召喚する\n\n逆棘の燭台を持つ、責問の老婆たちの霊体\n塔の呪術により、一方はＨＰを回復し\nもう一方は自身の攻撃力を高める\n\n責問は、時に幼い心を迷わせる\n故にそれは、老いた者たちの役目だった\n
2205002	霊魂の宿った遺灰\n角人の責問官の霊体を２体召喚する\n\n逆棘の燭台を持つ、責問の老婆たちの霊体\n塔の呪術により、一方はＨＰを回復し\nもう一方は自身の攻撃力を高める\n\n責問は、時に幼い心を迷わせる\n故にそれは、老いた者たちの役目だった\n
2205003	霊魂の宿った遺灰\n角人の責問官の霊体を２体召喚する\n\n逆棘の燭台を持つ、責問の老婆たちの霊体\n塔の呪術により、一方はＨＰを回復し\nもう一方は自身の攻撃力を高める\n\n責問は、時に幼い心を迷わせる\n故にそれは、老いた者たちの役目だった\n
2205004	霊魂の宿った遺灰\n角人の責問官の霊体を２体召喚する\n\n逆棘の燭台を持つ、責問の老婆たちの霊体\n塔の呪術により、一方はＨＰを回復し\nもう一方は自身の攻撃力を高める\n\n責問は、時に幼い心を迷わせる\n故にそれは、老いた者たちの役目だった\n
2205005	霊魂の宿った遺灰\n角人の責問官の霊体を２体召喚する\n\n逆棘の燭台を持つ、責問の老婆たちの霊体\n塔の呪術により、一方はＨＰを回復し\nもう一方は自身の攻撃力を高める\n\n責問は、時に幼い心を迷わせる\n故にそれは、老いた者たちの役目だった\n
2205006	霊魂の宿った遺灰\n角人の責問官の霊体を２体召喚する\n\n逆棘の燭台を持つ、責問の老婆たちの霊体\n塔の呪術により、一方はＨＰを回復し\nもう一方は自身の攻撃力を高める\n\n責問は、時に幼い心を迷わせる\n故にそれは、老いた者たちの役目だった\n
2205007	霊魂の宿った遺灰\n角人の責問官の霊体を２体召喚する\n\n逆棘の燭台を持つ、責問の老婆たちの霊体\n塔の呪術により、一方はＨＰを回復し\nもう一方は自身の攻撃力を高める\n\n責問は、時に幼い心を迷わせる\n故にそれは、老いた者たちの役目だった\n
2205008	霊魂の宿った遺灰\n角人の責問官の霊体を２体召喚する\n\n逆棘の燭台を持つ、責問の老婆たちの霊体\n塔の呪術により、一方はＨＰを回復し\nもう一方は自身の攻撃力を高める\n\n責問は、時に幼い心を迷わせる\n故にそれは、老いた者たちの役目だった\n
2205009	霊魂の宿った遺灰\n角人の責問官の霊体を２体召喚する\n\n逆棘の燭台を持つ、責問の老婆たちの霊体\n塔の呪術により、一方はＨＰを回復し\nもう一方は自身の攻撃力を高める\n\n責問は、時に幼い心を迷わせる\n故にそれは、老いた者たちの役目だった\n
2205010	霊魂の宿った遺灰\n角人の責問官の霊体を２体召喚する\n\n逆棘の燭台を持つ、責問の老婆たちの霊体\n塔の呪術により、一方はＨＰを回復し\nもう一方は自身の攻撃力を高める\n\n責問は、時に幼い心を迷わせる\n故にそれは、老いた者たちの役目だった\n
2206000	霊魂の宿った遺灰\n亜人の剣士、ヨシの霊体を召喚する\n\n連星剣を極めた剣聖、オンジは\n連なる星の先に滅びを見出し\nそれを封じるため、自ら牢獄に入った\n\nオンジに師事し、その剣を修めたヨシは\nだが師の言葉に頑として従わず\n生涯、その側を離れなかった\n
2206001	霊魂の宿った遺灰\n亜人の剣士、ヨシの霊体を召喚する\n\n連星剣を極めた剣聖、オンジは\n連なる星の先に滅びを見出し\nそれを封じるため、自ら牢獄に入った\n\nオンジに師事し、その剣を修めたヨシは\nだが師の言葉に頑として従わず\n生涯、その側を離れなかった\n
2206002	霊魂の宿った遺灰\n亜人の剣士、ヨシの霊体を召喚する\n\n連星剣を極めた剣聖、オンジは\n連なる星の先に滅びを見出し\nそれを封じるため、自ら牢獄に入った\n\nオンジに師事し、その剣を修めたヨシは\nだが師の言葉に頑として従わず\n生涯、その側を離れなかった\n
2206003	霊魂の宿った遺灰\n亜人の剣士、ヨシの霊体を召喚する\n\n連星剣を極めた剣聖、オンジは\n連なる星の先に滅びを見出し\nそれを封じるため、自ら牢獄に入った\n\nオンジに師事し、その剣を修めたヨシは\nだが師の言葉に頑として従わず\n生涯、その側を離れなかった\n
2206004	霊魂の宿った遺灰\n亜人の剣士、ヨシの霊体を召喚する\n\n連星剣を極めた剣聖、オンジは\n連なる星の先に滅びを見出し\nそれを封じるため、自ら牢獄に入った\n\nオンジに師事し、その剣を修めたヨシは\nだが師の言葉に頑として従わず\n生涯、その側を離れなかった\n
2206005	霊魂の宿った遺灰\n亜人の剣士、ヨシの霊体を召喚する\n\n連星剣を極めた剣聖、オンジは\n連なる星の先に滅びを見出し\nそれを封じるため、自ら牢獄に入った\n\nオンジに師事し、その剣を修めたヨシは\nだが師の言葉に頑として従わず\n生涯、その側を離れなかった\n
2206006	霊魂の宿った遺灰\n亜人の剣士、ヨシの霊体を召喚する\n\n連星剣を極めた剣聖、オンジは\n連なる星の先に滅びを見出し\nそれを封じるため、自ら牢獄に入った\n\nオンジに師事し、その剣を修めたヨシは\nだが師の言葉に頑として従わず\n生涯、その側を離れなかった\n
2206007	霊魂の宿った遺灰\n亜人の剣士、ヨシの霊体を召喚する\n\n連星剣を極めた剣聖、オンジは\n連なる星の先に滅びを見出し\nそれを封じるため、自ら牢獄に入った\n\nオンジに師事し、その剣を修めたヨシは\nだが師の言葉に頑として従わず\n生涯、その側を離れなかった\n
2206008	霊魂の宿った遺灰\n亜人の剣士、ヨシの霊体を召喚する\n\n連星剣を極めた剣聖、オンジは\n連なる星の先に滅びを見出し\nそれを封じるため、自ら牢獄に入った\n\nオンジに師事し、その剣を修めたヨシは\nだが師の言葉に頑として従わず\n生涯、その側を離れなかった\n
2206009	霊魂の宿った遺灰\n亜人の剣士、ヨシの霊体を召喚する\n\n連星剣を極めた剣聖、オンジは\n連なる星の先に滅びを見出し\nそれを封じるため、自ら牢獄に入った\n\nオンジに師事し、その剣を修めたヨシは\nだが師の言葉に頑として従わず\n生涯、その側を離れなかった\n
2206010	霊魂の宿った遺灰\n亜人の剣士、ヨシの霊体を召喚する\n\n連星剣を極めた剣聖、オンジは\n連なる星の先に滅びを見出し\nそれを封じるため、自ら牢獄に入った\n\nオンジに師事し、その剣を修めたヨシは\nだが師の言葉に頑として従わず\n生涯、その側を離れなかった\n
2207000	霊魂の宿った遺灰\nメスメル兵の霊体を２体召喚する\n\n斧と槍の兵士の組み合わせ\nどちらも、タメ攻撃を得手とする\n\n彼らは、名誉なき懲罰隊の一員であり\n影樹から隠されるように、ひっそりと葬られた\n
2207001	霊魂の宿った遺灰\nメスメル兵の霊体を２体召喚する\n\n斧と槍の兵士の組み合わせ\nどちらも、タメ攻撃を得手とする\n\n彼らは、名誉なき懲罰隊の一員であり\n影樹から隠されるように、ひっそりと葬られた\n
2207002	霊魂の宿った遺灰\nメスメル兵の霊体を２体召喚する\n\n斧と槍の兵士の組み合わせ\nどちらも、タメ攻撃を得手とする\n\n彼らは、名誉なき懲罰隊の一員であり\n影樹から隠されるように、ひっそりと葬られた\n
2207003	霊魂の宿った遺灰\nメスメル兵の霊体を２体召喚する\n\n斧と槍の兵士の組み合わせ\nどちらも、タメ攻撃を得手とする\n\n彼らは、名誉なき懲罰隊の一員であり\n影樹から隠されるように、ひっそりと葬られた\n
2207004	霊魂の宿った遺灰\nメスメル兵の霊体を２体召喚する\n\n斧と槍の兵士の組み合わせ\nどちらも、タメ攻撃を得手とする\n\n彼らは、名誉なき懲罰隊の一員であり\n影樹から隠されるように、ひっそりと葬られた\n
2207005	霊魂の宿った遺灰\nメスメル兵の霊体を２体召喚する\n\n斧と槍の兵士の組み合わせ\nどちらも、タメ攻撃を得手とする\n\n彼らは、名誉なき懲罰隊の一員であり\n影樹から隠されるように、ひっそりと葬られた\n
2207006	霊魂の宿った遺灰\nメスメル兵の霊体を２体召喚する\n\n斧と槍の兵士の組み合わせ\nどちらも、タメ攻撃を得手とする\n\n彼らは、名誉なき懲罰隊の一員であり\n影樹から隠されるように、ひっそりと葬られた\n
2207007	霊魂の宿った遺灰\nメスメル兵の霊体を２体召喚する\n\n斧と槍の兵士の組み合わせ\nどちらも、タメ攻撃を得手とする\n\n彼らは、名誉なき懲罰隊の一員であり\n影樹から隠されるように、ひっそりと葬られた\n
2207008	霊魂の宿った遺灰\nメスメル兵の霊体を２体召喚する\n\n斧と槍の兵士の組み合わせ\nどちらも、タメ攻撃を得手とする\n\n彼らは、名誉なき懲罰隊の一員であり\n影樹から隠されるように、ひっそりと葬られた\n
2207009	霊魂の宿った遺灰\nメスメル兵の霊体を２体召喚する\n\n斧と槍の兵士の組み合わせ\nどちらも、タメ攻撃を得手とする\n\n彼らは、名誉なき懲罰隊の一員であり\n影樹から隠されるように、ひっそりと葬られた\n
2207010	霊魂の宿った遺灰\nメスメル兵の霊体を２体召喚する\n\n斧と槍の兵士の組み合わせ\nどちらも、タメ攻撃を得手とする\n\n彼らは、名誉なき懲罰隊の一員であり\n影樹から隠されるように、ひっそりと葬られた\n
2208000	霊魂の宿った遺灰\n黒騎士の長、アンドレアスの霊体を召喚する\n\nメスメル軍の主力たる黒騎士団\nその最初の長であったアンドレアスの霊体\n剛力を誇り、また坩堝の力を振るう\n\n黄金樹を追われてなお、敬虔な信徒であり続け\nメスメルの蛇たるを知った後、反旗を翻した\nそして敗れ、地下墓に幽閉されたという\n
2208001	霊魂の宿った遺灰\n黒騎士の長、アンドレアスの霊体を召喚する\n\nメスメル軍の主力たる黒騎士団\nその最初の長であったアンドレアスの霊体\n剛力を誇り、また坩堝の力を振るう\n\n黄金樹を追われてなお、敬虔な信徒であり続け\nメスメルの蛇たるを知った後、反旗を翻した\nそして敗れ、地下墓に幽閉されたという\n
2208002	霊魂の宿った遺灰\n黒騎士の長、アンドレアスの霊体を召喚する\n\nメスメル軍の主力たる黒騎士団\nその最初の長であったアンドレアスの霊体\n剛力を誇り、また坩堝の力を振るう\n\n黄金樹を追われてなお、敬虔な信徒であり続け\nメスメルの蛇たるを知った後、反旗を翻した\nそして敗れ、地下墓に幽閉されたという\n
2208003	霊魂の宿った遺灰\n黒騎士の長、アンドレアスの霊体を召喚する\n\nメスメル軍の主力たる黒騎士団\nその最初の長であったアンドレアスの霊体\n剛力を誇り、また坩堝の力を振るう\n\n黄金樹を追われてなお、敬虔な信徒であり続け\nメスメルの蛇たるを知った後、反旗を翻した\nそして敗れ、地下墓に幽閉されたという\n
2208004	霊魂の宿った遺灰\n黒騎士の長、アンドレアスの霊体を召喚する\n\nメスメル軍の主力たる黒騎士団\nその最初の長であったアンドレアスの霊体\n剛力を誇り、また坩堝の力を振るう\n\n黄金樹を追われてなお、敬虔な信徒であり続け\nメスメルの蛇たるを知った後、反旗を翻した\nそして敗れ、地下墓に幽閉されたという\n
2208005	霊魂の宿った遺灰\n黒騎士の長、アンドレアスの霊体を召喚する\n\nメスメル軍の主力たる黒騎士団\nその最初の長であったアンドレアスの霊体\n剛力を誇り、また坩堝の力を振るう\n\n黄金樹を追われてなお、敬虔な信徒であり続け\nメスメルの蛇たるを知った後、反旗を翻した\nそして敗れ、地下墓に幽閉されたという\n
2208006	霊魂の宿った遺灰\n黒騎士の長、アンドレアスの霊体を召喚する\n\nメスメル軍の主力たる黒騎士団\nその最初の長であったアンドレアスの霊体\n剛力を誇り、また坩堝の力を振るう\n\n黄金樹を追われてなお、敬虔な信徒であり続け\nメスメルの蛇たるを知った後、反旗を翻した\nそして敗れ、地下墓に幽閉されたという\n
2208007	霊魂の宿った遺灰\n黒騎士の長、アンドレアスの霊体を召喚する\n\nメスメル軍の主力たる黒騎士団\nその最初の長であったアンドレアスの霊体\n剛力を誇り、また坩堝の力を振るう\n\n黄金樹を追われてなお、敬虔な信徒であり続け\nメスメルの蛇たるを知った後、反旗を翻した\nそして敗れ、地下墓に幽閉されたという\n
2208008	霊魂の宿った遺灰\n黒騎士の長、アンドレアスの霊体を召喚する\n\nメスメル軍の主力たる黒騎士団\nその最初の長であったアンドレアスの霊体\n剛力を誇り、また坩堝の力を振るう\n\n黄金樹を追われてなお、敬虔な信徒であり続け\nメスメルの蛇たるを知った後、反旗を翻した\nそして敗れ、地下墓に幽閉されたという\n
2208009	霊魂の宿った遺灰\n黒騎士の長、アンドレアスの霊体を召喚する\n\nメスメル軍の主力たる黒騎士団\nその最初の長であったアンドレアスの霊体\n剛力を誇り、また坩堝の力を振るう\n\n黄金樹を追われてなお、敬虔な信徒であり続け\nメスメルの蛇たるを知った後、反旗を翻した\nそして敗れ、地下墓に幽閉されたという\n
2208010	霊魂の宿った遺灰\n黒騎士の長、アンドレアスの霊体を召喚する\n\nメスメル軍の主力たる黒騎士団\nその最初の長であったアンドレアスの霊体\n剛力を誇り、また坩堝の力を振るう\n\n黄金樹を追われてなお、敬虔な信徒であり続け\nメスメルの蛇たるを知った後、反旗を翻した\nそして敗れ、地下墓に幽閉されたという\n
2209000	霊魂の宿った遺灰\n黒騎士の副長、ヒューの霊体を召喚する\n\nメスメル軍の主力たる黒騎士団\nその最初の副長であったヒューの霊体\n両刃の流麗な剣技と、坩堝の力を振るう\n\n神獣狩りで大きな功を成したが\n父アンドレアスに従い、メスメルに反旗を翻し\n敗れて、地下墓に幽閉された\n\n戦友を失い、メスメルは大いに嘆いたという\n
2209001	霊魂の宿った遺灰\n黒騎士の副長、ヒューの霊体を召喚する\n\nメスメル軍の主力たる黒騎士団\nその最初の副長であったヒューの霊体\n両刃の流麗な剣技と、坩堝の力を振るう\n\n神獣狩りで大きな功を成したが\n父アンドレアスに従い、メスメルに反旗を翻し\n敗れて、地下墓に幽閉された\n\n戦友を失い、メスメルは大いに嘆いたという\n
2209002	霊魂の宿った遺灰\n黒騎士の副長、ヒューの霊体を召喚する\n\nメスメル軍の主力たる黒騎士団\nその最初の副長であったヒューの霊体\n両刃の流麗な剣技と、坩堝の力を振るう\n\n神獣狩りで大きな功を成したが\n父アンドレアスに従い、メスメルに反旗を翻し\n敗れて、地下墓に幽閉された\n\n戦友を失い、メスメルは大いに嘆いたという\n
2209003	霊魂の宿った遺灰\n黒騎士の副長、ヒューの霊体を召喚する\n\nメスメル軍の主力たる黒騎士団\nその最初の副長であったヒューの霊体\n両刃の流麗な剣技と、坩堝の力を振るう\n\n神獣狩りで大きな功を成したが\n父アンドレアスに従い、メスメルに反旗を翻し\n敗れて、地下墓に幽閉された\n\n戦友を失い、メスメルは大いに嘆いたという\n
2209004	霊魂の宿った遺灰\n黒騎士の副長、ヒューの霊体を召喚する\n\nメスメル軍の主力たる黒騎士団\nその最初の副長であったヒューの霊体\n両刃の流麗な剣技と、坩堝の力を振るう\n\n神獣狩りで大きな功を成したが\n父アンドレアスに従い、メスメルに反旗を翻し\n敗れて、地下墓に幽閉された\n\n戦友を失い、メスメルは大いに嘆いたという\n
2209005	霊魂の宿った遺灰\n黒騎士の副長、ヒューの霊体を召喚する\n\nメスメル軍の主力たる黒騎士団\nその最初の副長であったヒューの霊体\n両刃の流麗な剣技と、坩堝の力を振るう\n\n神獣狩りで大きな功を成したが\n父アンドレアスに従い、メスメルに反旗を翻し\n敗れて、地下墓に幽閉された\n\n戦友を失い、メスメルは大いに嘆いたという\n
2209006	霊魂の宿った遺灰\n黒騎士の副長、ヒューの霊体を召喚する\n\nメスメル軍の主力たる黒騎士団\nその最初の副長であったヒューの霊体\n両刃の流麗な剣技と、坩堝の力を振るう\n\n神獣狩りで大きな功を成したが\n父アンドレアスに従い、メスメルに反旗を翻し\n敗れて、地下墓に幽閉された\n\n戦友を失い、メスメルは大いに嘆いたという\n
2209007	霊魂の宿った遺灰\n黒騎士の副長、ヒューの霊体を召喚する\n\nメスメル軍の主力たる黒騎士団\nその最初の副長であったヒューの霊体\n両刃の流麗な剣技と、坩堝の力を振るう\n\n神獣狩りで大きな功を成したが\n父アンドレアスに従い、メスメルに反旗を翻し\n敗れて、地下墓に幽閉された\n\n戦友を失い、メスメルは大いに嘆いたという\n
2209008	霊魂の宿った遺灰\n黒騎士の副長、ヒューの霊体を召喚する\n\nメスメル軍の主力たる黒騎士団\nその最初の副長であったヒューの霊体\n両刃の流麗な剣技と、坩堝の力を振るう\n\n神獣狩りで大きな功を成したが\n父アンドレアスに従い、メスメルに反旗を翻し\n敗れて、地下墓に幽閉された\n\n戦友を失い、メスメルは大いに嘆いたという\n
2209009	霊魂の宿った遺灰\n黒騎士の副長、ヒューの霊体を召喚する\n\nメスメル軍の主力たる黒騎士団\nその最初の副長であったヒューの霊体\n両刃の流麗な剣技と、坩堝の力を振るう\n\n神獣狩りで大きな功を成したが\n父アンドレアスに従い、メスメルに反旗を翻し\n敗れて、地下墓に幽閉された\n\n戦友を失い、メスメルは大いに嘆いたという\n
2209010	霊魂の宿った遺灰\n黒騎士の副長、ヒューの霊体を召喚する\n\nメスメル軍の主力たる黒騎士団\nその最初の副長であったヒューの霊体\n両刃の流麗な剣技と、坩堝の力を振るう\n\n神獣狩りで大きな功を成したが\n父アンドレアスに従い、メスメルに反旗を翻し\n敗れて、地下墓に幽閉された\n\n戦友を失い、メスメルは大いに嘆いたという\n
2210000	霊魂の宿った遺灰\n大口インプの霊体を召喚する\n\n竜を象ったとされる古いインプの霊体\nその大口は大砲であり、後方から砲弾を放つ\n
2210001	霊魂の宿った遺灰\n大口インプの霊体を召喚する\n\n竜を象ったとされる古いインプの霊体\nその大口は大砲であり、後方から砲弾を放つ\n
2210002	霊魂の宿った遺灰\n大口インプの霊体を召喚する\n\n竜を象ったとされる古いインプの霊体\nその大口は大砲であり、後方から砲弾を放つ\n
2210003	霊魂の宿った遺灰\n大口インプの霊体を召喚する\n\n竜を象ったとされる古いインプの霊体\nその大口は大砲であり、後方から砲弾を放つ\n
2210004	霊魂の宿った遺灰\n大口インプの霊体を召喚する\n\n竜を象ったとされる古いインプの霊体\nその大口は大砲であり、後方から砲弾を放つ\n
2210005	霊魂の宿った遺灰\n大口インプの霊体を召喚する\n\n竜を象ったとされる古いインプの霊体\nその大口は大砲であり、後方から砲弾を放つ\n
2210006	霊魂の宿った遺灰\n大口インプの霊体を召喚する\n\n竜を象ったとされる古いインプの霊体\nその大口は大砲であり、後方から砲弾を放つ\n
2210007	霊魂の宿った遺灰\n大口インプの霊体を召喚する\n\n竜を象ったとされる古いインプの霊体\nその大口は大砲であり、後方から砲弾を放つ\n
2210008	霊魂の宿った遺灰\n大口インプの霊体を召喚する\n\n竜を象ったとされる古いインプの霊体\nその大口は大砲であり、後方から砲弾を放つ\n
2210009	霊魂の宿った遺灰\n大口インプの霊体を召喚する\n\n竜を象ったとされる古いインプの霊体\nその大口は大砲であり、後方から砲弾を放つ\n
2210010	霊魂の宿った遺灰\n大口インプの霊体を召喚する\n\n竜を象ったとされる古いインプの霊体\nその大口は大砲であり、後方から砲弾を放つ\n
2211000	霊魂の宿った遺灰\n人蠅の霊体を３体召喚する\n\n２体は飛びながら敵を攻撃し\n１体は、その後方から毒の唾液を吐き散らす\n\n病の果てに人蠅の姿となった角人たちは\nその姿が変わる時、苦痛から解放されるという\n
2211001	霊魂の宿った遺灰\n人蠅の霊体を３体召喚する\n\n２体は飛びながら敵を攻撃し\n１体は、その後方から毒の唾液を吐き散らす\n\n病の果てに人蠅の姿となった角人たちは\nその姿が変わる時、苦痛から解放されるという\n
2211002	霊魂の宿った遺灰\n人蠅の霊体を３体召喚する\n\n２体は飛びながら敵を攻撃し\n１体は、その後方から毒の唾液を吐き散らす\n\n病の果てに人蠅の姿となった角人たちは\nその姿が変わる時、苦痛から解放されるという\n
2211003	霊魂の宿った遺灰\n人蠅の霊体を３体召喚する\n\n２体は飛びながら敵を攻撃し\n１体は、その後方から毒の唾液を吐き散らす\n\n病の果てに人蠅の姿となった角人たちは\nその姿が変わる時、苦痛から解放されるという\n
2211004	霊魂の宿った遺灰\n人蠅の霊体を３体召喚する\n\n２体は飛びながら敵を攻撃し\n１体は、その後方から毒の唾液を吐き散らす\n\n病の果てに人蠅の姿となった角人たちは\nその姿が変わる時、苦痛から解放されるという\n
2211005	霊魂の宿った遺灰\n人蠅の霊体を３体召喚する\n\n２体は飛びながら敵を攻撃し\n１体は、その後方から毒の唾液を吐き散らす\n\n病の果てに人蠅の姿となった角人たちは\nその姿が変わる時、苦痛から解放されるという\n
2211006	霊魂の宿った遺灰\n人蠅の霊体を３体召喚する\n\n２体は飛びながら敵を攻撃し\n１体は、その後方から毒の唾液を吐き散らす\n\n病の果てに人蠅の姿となった角人たちは\nその姿が変わる時、苦痛から解放されるという\n
2211007	霊魂の宿った遺灰\n人蠅の霊体を３体召喚する\n\n２体は飛びながら敵を攻撃し\n１体は、その後方から毒の唾液を吐き散らす\n\n病の果てに人蠅の姿となった角人たちは\nその姿が変わる時、苦痛から解放されるという\n
2211008	霊魂の宿った遺灰\n人蠅の霊体を３体召喚する\n\n２体は飛びながら敵を攻撃し\n１体は、その後方から毒の唾液を吐き散らす\n\n病の果てに人蠅の姿となった角人たちは\nその姿が変わる時、苦痛から解放されるという\n
2211009	霊魂の宿った遺灰\n人蠅の霊体を３体召喚する\n\n２体は飛びながら敵を攻撃し\n１体は、その後方から毒の唾液を吐き散らす\n\n病の果てに人蠅の姿となった角人たちは\nその姿が変わる時、苦痛から解放されるという\n
2211010	霊魂の宿った遺灰\n人蠅の霊体を３体召喚する\n\n２体は飛びながら敵を攻撃し\n１体は、その後方から毒の唾液を吐き散らす\n\n病の果てに人蠅の姿となった角人たちは\nその姿が変わる時、苦痛から解放されるという\n
2212000	霊魂の宿った遺灰\n鍛冶ゴーレム、テウルの霊体を召喚する\n\n容易には揺らがぬ、岩のゴーレムの霊体\nその拳を、飛び道具のように放つ\n\nテウルは、最も小さく生まれ\n最も早くその動きを止めたという\nそして、鍛冶の守り神になったのだと\n
2212001	霊魂の宿った遺灰\n鍛冶ゴーレム、テウルの霊体を召喚する\n\n容易には揺らがぬ、岩のゴーレムの霊体\nその拳を、飛び道具のように放つ\n\nテウルは、最も小さく生まれ\n最も早くその動きを止めたという\nそして、鍛冶の守り神になったのだと\n
2212002	霊魂の宿った遺灰\n鍛冶ゴーレム、テウルの霊体を召喚する\n\n容易には揺らがぬ、岩のゴーレムの霊体\nその拳を、飛び道具のように放つ\n\nテウルは、最も小さく生まれ\n最も早くその動きを止めたという\nそして、鍛冶の守り神になったのだと\n
2212003	霊魂の宿った遺灰\n鍛冶ゴーレム、テウルの霊体を召喚する\n\n容易には揺らがぬ、岩のゴーレムの霊体\nその拳を、飛び道具のように放つ\n\nテウルは、最も小さく生まれ\n最も早くその動きを止めたという\nそして、鍛冶の守り神になったのだと\n
2212004	霊魂の宿った遺灰\n鍛冶ゴーレム、テウルの霊体を召喚する\n\n容易には揺らがぬ、岩のゴーレムの霊体\nその拳を、飛び道具のように放つ\n\nテウルは、最も小さく生まれ\n最も早くその動きを止めたという\nそして、鍛冶の守り神になったのだと\n
2212005	霊魂の宿った遺灰\n鍛冶ゴーレム、テウルの霊体を召喚する\n\n容易には揺らがぬ、岩のゴーレムの霊体\nその拳を、飛び道具のように放つ\n\nテウルは、最も小さく生まれ\n最も早くその動きを止めたという\nそして、鍛冶の守り神になったのだと\n
2212006	霊魂の宿った遺灰\n鍛冶ゴーレム、テウルの霊体を召喚する\n\n容易には揺らがぬ、岩のゴーレムの霊体\nその拳を、飛び道具のように放つ\n\nテウルは、最も小さく生まれ\n最も早くその動きを止めたという\nそして、鍛冶の守り神になったのだと\n
2212007	霊魂の宿った遺灰\n鍛冶ゴーレム、テウルの霊体を召喚する\n\n容易には揺らがぬ、岩のゴーレムの霊体\nその拳を、飛び道具のように放つ\n\nテウルは、最も小さく生まれ\n最も早くその動きを止めたという\nそして、鍛冶の守り神になったのだと\n
2212008	霊魂の宿った遺灰\n鍛冶ゴーレム、テウルの霊体を召喚する\n\n容易には揺らがぬ、岩のゴーレムの霊体\nその拳を、飛び道具のように放つ\n\nテウルは、最も小さく生まれ\n最も早くその動きを止めたという\nそして、鍛冶の守り神になったのだと\n
2212009	霊魂の宿った遺灰\n鍛冶ゴーレム、テウルの霊体を召喚する\n\n容易には揺らがぬ、岩のゴーレムの霊体\nその拳を、飛び道具のように放つ\n\nテウルは、最も小さく生まれ\n最も早くその動きを止めたという\nそして、鍛冶の守り神になったのだと\n
2212010	霊魂の宿った遺灰\n鍛冶ゴーレム、テウルの霊体を召喚する\n\n容易には揺らがぬ、岩のゴーレムの霊体\nその拳を、飛び道具のように放つ\n\nテウルは、最も小さく生まれ\n最も早くその動きを止めたという\nそして、鍛冶の守り神になったのだと\n
2213000	霊魂の宿った遺灰\n神鳥の戦士、オルニスの霊体を召喚する\n\n角の戦士の始祖たる、神鳥の戦士の霊体\n神降ろしにより、翼と羽を得た金色の戦士\n\nオルニスは、神鳥を意のままに飼い慣らし\nその翼で大空を飛び、やがて地に落ちて\n神殿街の守り神になったという\n
2213001	霊魂の宿った遺灰\n神鳥の戦士、オルニスの霊体を召喚する\n\n角の戦士の始祖たる、神鳥の戦士の霊体\n神降ろしにより、翼と羽を得た金色の戦士\n\nオルニスは、神鳥を意のままに飼い慣らし\nその翼で大空を飛び、やがて地に落ちて\n神殿街の守り神になったという\n
2213002	霊魂の宿った遺灰\n神鳥の戦士、オルニスの霊体を召喚する\n\n角の戦士の始祖たる、神鳥の戦士の霊体\n神降ろしにより、翼と羽を得た金色の戦士\n\nオルニスは、神鳥を意のままに飼い慣らし\nその翼で大空を飛び、やがて地に落ちて\n神殿街の守り神になったという\n
2213003	霊魂の宿った遺灰\n神鳥の戦士、オルニスの霊体を召喚する\n\n角の戦士の始祖たる、神鳥の戦士の霊体\n神降ろしにより、翼と羽を得た金色の戦士\n\nオルニスは、神鳥を意のままに飼い慣らし\nその翼で大空を飛び、やがて地に落ちて\n神殿街の守り神になったという\n
2213004	霊魂の宿った遺灰\n神鳥の戦士、オルニスの霊体を召喚する\n\n角の戦士の始祖たる、神鳥の戦士の霊体\n神降ろしにより、翼と羽を得た金色の戦士\n\nオルニスは、神鳥を意のままに飼い慣らし\nその翼で大空を飛び、やがて地に落ちて\n神殿街の守り神になったという\n
2213005	霊魂の宿った遺灰\n神鳥の戦士、オルニスの霊体を召喚する\n\n角の戦士の始祖たる、神鳥の戦士の霊体\n神降ろしにより、翼と羽を得た金色の戦士\n\nオルニスは、神鳥を意のままに飼い慣らし\nその翼で大空を飛び、やがて地に落ちて\n神殿街の守り神になったという\n
2213006	霊魂の宿った遺灰\n神鳥の戦士、オルニスの霊体を召喚する\n\n角の戦士の始祖たる、神鳥の戦士の霊体\n神降ろしにより、翼と羽を得た金色の戦士\n\nオルニスは、神鳥を意のままに飼い慣らし\nその翼で大空を飛び、やがて地に落ちて\n神殿街の守り神になったという\n
2213007	霊魂の宿った遺灰\n神鳥の戦士、オルニスの霊体を召喚する\n\n角の戦士の始祖たる、神鳥の戦士の霊体\n神降ろしにより、翼と羽を得た金色の戦士\n\nオルニスは、神鳥を意のままに飼い慣らし\nその翼で大空を飛び、やがて地に落ちて\n神殿街の守り神になったという\n
2213008	霊魂の宿った遺灰\n神鳥の戦士、オルニスの霊体を召喚する\n\n角の戦士の始祖たる、神鳥の戦士の霊体\n神降ろしにより、翼と羽を得た金色の戦士\n\nオルニスは、神鳥を意のままに飼い慣らし\nその翼で大空を飛び、やがて地に落ちて\n神殿街の守り神になったという\n
2213009	霊魂の宿った遺灰\n神鳥の戦士、オルニスの霊体を召喚する\n\n角の戦士の始祖たる、神鳥の戦士の霊体\n神降ろしにより、翼と羽を得た金色の戦士\n\nオルニスは、神鳥を意のままに飼い慣らし\nその翼で大空を飛び、やがて地に落ちて\n神殿街の守り神になったという\n
2213010	霊魂の宿った遺灰\n神鳥の戦士、オルニスの霊体を召喚する\n\n角の戦士の始祖たる、神鳥の戦士の霊体\n神降ろしにより、翼と羽を得た金色の戦士\n\nオルニスは、神鳥を意のままに飼い慣らし\nその翼で大空を飛び、やがて地に落ちて\n神殿街の守り神になったという\n
2214000	霊魂の宿った遺灰\n角の戦士の霊体を召喚する\n\n塔の守護者たる重装の戦士の霊体\n神降ろしにより、人ならぬ膂力を得\n大曲剣を振るい、それに角を降ろす\n\n塔では、戦士も、その武器も、依り代なのだ\n
2214001	霊魂の宿った遺灰\n角の戦士の霊体を召喚する\n\n塔の守護者たる重装の戦士の霊体\n神降ろしにより、人ならぬ膂力を得\n大曲剣を振るい、それに角を降ろす\n\n塔では、戦士も、その武器も、依り代なのだ\n
2214002	霊魂の宿った遺灰\n角の戦士の霊体を召喚する\n\n塔の守護者たる重装の戦士の霊体\n神降ろしにより、人ならぬ膂力を得\n大曲剣を振るい、それに角を降ろす\n\n塔では、戦士も、その武器も、依り代なのだ\n
2214003	霊魂の宿った遺灰\n角の戦士の霊体を召喚する\n\n塔の守護者たる重装の戦士の霊体\n神降ろしにより、人ならぬ膂力を得\n大曲剣を振るい、それに角を降ろす\n\n塔では、戦士も、その武器も、依り代なのだ\n
2214004	霊魂の宿った遺灰\n角の戦士の霊体を召喚する\n\n塔の守護者たる重装の戦士の霊体\n神降ろしにより、人ならぬ膂力を得\n大曲剣を振るい、それに角を降ろす\n\n塔では、戦士も、その武器も、依り代なのだ\n
2214005	霊魂の宿った遺灰\n角の戦士の霊体を召喚する\n\n塔の守護者たる重装の戦士の霊体\n神降ろしにより、人ならぬ膂力を得\n大曲剣を振るい、それに角を降ろす\n\n塔では、戦士も、その武器も、依り代なのだ\n
2214006	霊魂の宿った遺灰\n角の戦士の霊体を召喚する\n\n塔の守護者たる重装の戦士の霊体\n神降ろしにより、人ならぬ膂力を得\n大曲剣を振るい、それに角を降ろす\n\n塔では、戦士も、その武器も、依り代なのだ\n
2214007	霊魂の宿った遺灰\n角の戦士の霊体を召喚する\n\n塔の守護者たる重装の戦士の霊体\n神降ろしにより、人ならぬ膂力を得\n大曲剣を振るい、それに角を降ろす\n\n塔では、戦士も、その武器も、依り代なのだ\n
2214008	霊魂の宿った遺灰\n角の戦士の霊体を召喚する\n\n塔の守護者たる重装の戦士の霊体\n神降ろしにより、人ならぬ膂力を得\n大曲剣を振るい、それに角を降ろす\n\n塔では、戦士も、その武器も、依り代なのだ\n
2214009	霊魂の宿った遺灰\n角の戦士の霊体を召喚する\n\n塔の守護者たる重装の戦士の霊体\n神降ろしにより、人ならぬ膂力を得\n大曲剣を振るい、それに角を降ろす\n\n塔では、戦士も、その武器も、依り代なのだ\n
2214010	霊魂の宿った遺灰\n角の戦士の霊体を召喚する\n\n塔の守護者たる重装の戦士の霊体\n神降ろしにより、人ならぬ膂力を得\n大曲剣を振るい、それに角を降ろす\n\n塔では、戦士も、その武器も、依り代なのだ\n
2215000	霊魂の宿った遺灰\n古竜フローサクスの霊体を召喚する\n\n新しい王に仕えるため、自ら霊体になった存在\n\n自身の竜雷により、自らと周囲の味方の\n物理を含む全てのカット率を高める\nまた、花岩の槌の竜雷を敵に落とし\n雷カット率を低下させる\n\n彼女はかつて、竜餐を伝えるため人の姿を得た\nそして今、人の心も得たのだろう\n
2215001	霊魂の宿った遺灰\n古竜フローサクスの霊体を召喚する\n\n新しい王に仕えるため、自ら霊体になった存在\n\n自身の竜雷により、自らと周囲の味方の\n物理を含む全てのカット率を高める\nまた、花岩の槌の竜雷を敵に落とし\n雷カット率を低下させる\n\n彼女はかつて、竜餐を伝えるため人の姿を得た\nそして今、人の心も得たのだろう\n
2215002	霊魂の宿った遺灰\n古竜フローサクスの霊体を召喚する\n\n新しい王に仕えるため、自ら霊体になった存在\n\n自身の竜雷により、自らと周囲の味方の\n物理を含む全てのカット率を高める\nまた、花岩の槌の竜雷を敵に落とし\n雷カット率を低下させる\n\n彼女はかつて、竜餐を伝えるため人の姿を得た\nそして今、人の心も得たのだろう\n
2215003	霊魂の宿った遺灰\n古竜フローサクスの霊体を召喚する\n\n新しい王に仕えるため、自ら霊体になった存在\n\n自身の竜雷により、自らと周囲の味方の\n物理を含む全てのカット率を高める\nまた、花岩の槌の竜雷を敵に落とし\n雷カット率を低下させる\n\n彼女はかつて、竜餐を伝えるため人の姿を得た\nそして今、人の心も得たのだろう\n
2215004	霊魂の宿った遺灰\n古竜フローサクスの霊体を召喚する\n\n新しい王に仕えるため、自ら霊体になった存在\n\n自身の竜雷により、自らと周囲の味方の\n物理を含む全てのカット率を高める\nまた、花岩の槌の竜雷を敵に落とし\n雷カット率を低下させる\n\n彼女はかつて、竜餐を伝えるため人の姿を得た\nそして今、人の心も得たのだろう\n
2215005	霊魂の宿った遺灰\n古竜フローサクスの霊体を召喚する\n\n新しい王に仕えるため、自ら霊体になった存在\n\n自身の竜雷により、自らと周囲の味方の\n物理を含む全てのカット率を高める\nまた、花岩の槌の竜雷を敵に落とし\n雷カット率を低下させる\n\n彼女はかつて、竜餐を伝えるため人の姿を得た\nそして今、人の心も得たのだろう\n
2215006	霊魂の宿った遺灰\n古竜フローサクスの霊体を召喚する\n\n新しい王に仕えるため、自ら霊体になった存在\n\n自身の竜雷により、自らと周囲の味方の\n物理を含む全てのカット率を高める\nまた、花岩の槌の竜雷を敵に落とし\n雷カット率を低下させる\n\n彼女はかつて、竜餐を伝えるため人の姿を得た\nそして今、人の心も得たのだろう\n
2215007	霊魂の宿った遺灰\n古竜フローサクスの霊体を召喚する\n\n新しい王に仕えるため、自ら霊体になった存在\n\n自身の竜雷により、自らと周囲の味方の\n物理を含む全てのカット率を高める\nまた、花岩の槌の竜雷を敵に落とし\n雷カット率を低下させる\n\n彼女はかつて、竜餐を伝えるため人の姿を得た\nそして今、人の心も得たのだろう\n
2215008	霊魂の宿った遺灰\n古竜フローサクスの霊体を召喚する\n\n新しい王に仕えるため、自ら霊体になった存在\n\n自身の竜雷により、自らと周囲の味方の\n物理を含む全てのカット率を高める\nまた、花岩の槌の竜雷を敵に落とし\n雷カット率を低下させる\n\n彼女はかつて、竜餐を伝えるため人の姿を得た\nそして今、人の心も得たのだろう\n
2215009	霊魂の宿った遺灰\n古竜フローサクスの霊体を召喚する\n\n新しい王に仕えるため、自ら霊体になった存在\n\n自身の竜雷により、自らと周囲の味方の\n物理を含む全てのカット率を高める\nまた、花岩の槌の竜雷を敵に落とし\n雷カット率を低下させる\n\n彼女はかつて、竜餐を伝えるため人の姿を得た\nそして今、人の心も得たのだろう\n
2215010	霊魂の宿った遺灰\n古竜フローサクスの霊体を召喚する\n\n新しい王に仕えるため、自ら霊体になった存在\n\n自身の竜雷により、自らと周囲の味方の\n物理を含む全てのカット率を高める\nまた、花岩の槌の竜雷を敵に落とし\n雷カット率を低下させる\n\n彼女はかつて、竜餐を伝えるため人の姿を得た\nそして今、人の心も得たのだろう\n
2217000	霊魂の宿った遺灰\nユビムシの霊体を召喚する\n\nまだ幼く、体の小さいユビムシの霊体\n召喚者を無垢に慕い、ＨＰを回復してくれる\nまだ母が恋しい頃なのだろう\n
2217001	霊魂の宿った遺灰\nユビムシの霊体を召喚する\n\nまだ幼く、体の小さいユビムシの霊体\n召喚者を無垢に慕い、ＨＰを回復してくれる\nまだ母が恋しい頃なのだろう\n
2217002	霊魂の宿った遺灰\nユビムシの霊体を召喚する\n\nまだ幼く、体の小さいユビムシの霊体\n召喚者を無垢に慕い、ＨＰを回復してくれる\nまだ母が恋しい頃なのだろう\n
2217003	霊魂の宿った遺灰\nユビムシの霊体を召喚する\n\nまだ幼く、体の小さいユビムシの霊体\n召喚者を無垢に慕い、ＨＰを回復してくれる\nまだ母が恋しい頃なのだろう\n
2217004	霊魂の宿った遺灰\nユビムシの霊体を召喚する\n\nまだ幼く、体の小さいユビムシの霊体\n召喚者を無垢に慕い、ＨＰを回復してくれる\nまだ母が恋しい頃なのだろう\n
2217005	霊魂の宿った遺灰\nユビムシの霊体を召喚する\n\nまだ幼く、体の小さいユビムシの霊体\n召喚者を無垢に慕い、ＨＰを回復してくれる\nまだ母が恋しい頃なのだろう\n
2217006	霊魂の宿った遺灰\nユビムシの霊体を召喚する\n\nまだ幼く、体の小さいユビムシの霊体\n召喚者を無垢に慕い、ＨＰを回復してくれる\nまだ母が恋しい頃なのだろう\n
2217007	霊魂の宿った遺灰\nユビムシの霊体を召喚する\n\nまだ幼く、体の小さいユビムシの霊体\n召喚者を無垢に慕い、ＨＰを回復してくれる\nまだ母が恋しい頃なのだろう\n
2217008	霊魂の宿った遺灰\nユビムシの霊体を召喚する\n\nまだ幼く、体の小さいユビムシの霊体\n召喚者を無垢に慕い、ＨＰを回復してくれる\nまだ母が恋しい頃なのだろう\n
2217009	霊魂の宿った遺灰\nユビムシの霊体を召喚する\n\nまだ幼く、体の小さいユビムシの霊体\n召喚者を無垢に慕い、ＨＰを回復してくれる\nまだ母が恋しい頃なのだろう\n
2217010	霊魂の宿った遺灰\nユビムシの霊体を召喚する\n\nまだ幼く、体の小さいユビムシの霊体\n召喚者を無垢に慕い、ＨＰを回復してくれる\nまだ母が恋しい頃なのだろう\n
2218000	霊魂の宿った遺灰\n火の騎士、クウィラインの霊体を召喚する\n召喚された直後から戦いはじめる\n\n瞳膜の祝福を受け、安堵を得た騎士の霊体\n槍に似せた大剣を振るい、敵を火で串刺しにする\n我らの母、マリカを穢さぬために\n\nたとえ仮初であれ、その祝福は彼を救った\nそして救いの先には、ただ戦いが続いている\n
2218001	霊魂の宿った遺灰\n火の騎士、クウィラインの霊体を召喚する\n召喚された直後から戦いはじめる\n\n瞳膜の祝福を受け、安堵を得た騎士の霊体\n槍に似せた大剣を振るい、敵を火で串刺しにする\n我らの母、マリカを穢さぬために\n\nたとえ仮初であれ、その祝福は彼を救った\nそして救いの先には、ただ戦いが続いている\n
2218002	霊魂の宿った遺灰\n火の騎士、クウィラインの霊体を召喚する\n召喚された直後から戦いはじめる\n\n瞳膜の祝福を受け、安堵を得た騎士の霊体\n槍に似せた大剣を振るい、敵を火で串刺しにする\n我らの母、マリカを穢さぬために\n\nたとえ仮初であれ、その祝福は彼を救った\nそして救いの先には、ただ戦いが続いている\n
2218003	霊魂の宿った遺灰\n火の騎士、クウィラインの霊体を召喚する\n召喚された直後から戦いはじめる\n\n瞳膜の祝福を受け、安堵を得た騎士の霊体\n槍に似せた大剣を振るい、敵を火で串刺しにする\n我らの母、マリカを穢さぬために\n\nたとえ仮初であれ、その祝福は彼を救った\nそして救いの先には、ただ戦いが続いている\n
2218004	霊魂の宿った遺灰\n火の騎士、クウィラインの霊体を召喚する\n召喚された直後から戦いはじめる\n\n瞳膜の祝福を受け、安堵を得た騎士の霊体\n槍に似せた大剣を振るい、敵を火で串刺しにする\n我らの母、マリカを穢さぬために\n\nたとえ仮初であれ、その祝福は彼を救った\nそして救いの先には、ただ戦いが続いている\n
2218005	霊魂の宿った遺灰\n火の騎士、クウィラインの霊体を召喚する\n召喚された直後から戦いはじめる\n\n瞳膜の祝福を受け、安堵を得た騎士の霊体\n槍に似せた大剣を振るい、敵を火で串刺しにする\n我らの母、マリカを穢さぬために\n\nたとえ仮初であれ、その祝福は彼を救った\nそして救いの先には、ただ戦いが続いている\n
2218006	霊魂の宿った遺灰\n火の騎士、クウィラインの霊体を召喚する\n召喚された直後から戦いはじめる\n\n瞳膜の祝福を受け、安堵を得た騎士の霊体\n槍に似せた大剣を振るい、敵を火で串刺しにする\n我らの母、マリカを穢さぬために\n\nたとえ仮初であれ、その祝福は彼を救った\nそして救いの先には、ただ戦いが続いている\n
2218007	霊魂の宿った遺灰\n火の騎士、クウィラインの霊体を召喚する\n召喚された直後から戦いはじめる\n\n瞳膜の祝福を受け、安堵を得た騎士の霊体\n槍に似せた大剣を振るい、敵を火で串刺しにする\n我らの母、マリカを穢さぬために\n\nたとえ仮初であれ、その祝福は彼を救った\nそして救いの先には、ただ戦いが続いている\n
2218008	霊魂の宿った遺灰\n火の騎士、クウィラインの霊体を召喚する\n召喚された直後から戦いはじめる\n\n瞳膜の祝福を受け、安堵を得た騎士の霊体\n槍に似せた大剣を振るい、敵を火で串刺しにする\n我らの母、マリカを穢さぬために\n\nたとえ仮初であれ、その祝福は彼を救った\nそして救いの先には、ただ戦いが続いている\n
2218009	霊魂の宿った遺灰\n火の騎士、クウィラインの霊体を召喚する\n召喚された直後から戦いはじめる\n\n瞳膜の祝福を受け、安堵を得た騎士の霊体\n槍に似せた大剣を振るい、敵を火で串刺しにする\n我らの母、マリカを穢さぬために\n\nたとえ仮初であれ、その祝福は彼を救った\nそして救いの先には、ただ戦いが続いている\n
2218010	霊魂の宿った遺灰\n火の騎士、クウィラインの霊体を召喚する\n召喚された直後から戦いはじめる\n\n瞳膜の祝福を受け、安堵を得た騎士の霊体\n槍に似せた大剣を振るい、敵を火で串刺しにする\n我らの母、マリカを穢さぬために\n\nたとえ仮初であれ、その祝福は彼を救った\nそして救いの先には、ただ戦いが続いている\n
2219000	霊魂の宿った遺灰\n夜の剣士、ヨラーンの霊体を召喚する\n\n瞳膜の祝福を受け、光を得た剣士の霊体\n深黒の刀を振るい敵のガードを貫く\n\nそれは、望んだ星の光ではなかったが\n確かに彼女の夜を照らした\n\nだが、それは時に眩しすぎ\n夜を消し去ってしまうだろう\n
2219001	霊魂の宿った遺灰\n夜の剣士、ヨラーンの霊体を召喚する\n\n瞳膜の祝福を受け、光を得た剣士の霊体\n深黒の刀を振るい敵のガードを貫く\n\nそれは、望んだ星の光ではなかったが\n確かに彼女の夜を照らした\n\nだが、それは時に眩しすぎ\n夜を消し去ってしまうだろう\n
2219002	霊魂の宿った遺灰\n夜の剣士、ヨラーンの霊体を召喚する\n\n瞳膜の祝福を受け、光を得た剣士の霊体\n深黒の刀を振るい敵のガードを貫く\n\nそれは、望んだ星の光ではなかったが\n確かに彼女の夜を照らした\n\nだが、それは時に眩しすぎ\n夜を消し去ってしまうだろう\n
2219003	霊魂の宿った遺灰\n夜の剣士、ヨラーンの霊体を召喚する\n\n瞳膜の祝福を受け、光を得た剣士の霊体\n深黒の刀を振るい敵のガードを貫く\n\nそれは、望んだ星の光ではなかったが\n確かに彼女の夜を照らした\n\nだが、それは時に眩しすぎ\n夜を消し去ってしまうだろう\n
2219004	霊魂の宿った遺灰\n夜の剣士、ヨラーンの霊体を召喚する\n\n瞳膜の祝福を受け、光を得た剣士の霊体\n深黒の刀を振るい敵のガードを貫く\n\nそれは、望んだ星の光ではなかったが\n確かに彼女の夜を照らした\n\nだが、それは時に眩しすぎ\n夜を消し去ってしまうだろう\n
2219005	霊魂の宿った遺灰\n夜の剣士、ヨラーンの霊体を召喚する\n\n瞳膜の祝福を受け、光を得た剣士の霊体\n深黒の刀を振るい敵のガードを貫く\n\nそれは、望んだ星の光ではなかったが\n確かに彼女の夜を照らした\n\nだが、それは時に眩しすぎ\n夜を消し去ってしまうだろう\n
2219006	霊魂の宿った遺灰\n夜の剣士、ヨラーンの霊体を召喚する\n\n瞳膜の祝福を受け、光を得た剣士の霊体\n深黒の刀を振るい敵のガードを貫く\n\nそれは、望んだ星の光ではなかったが\n確かに彼女の夜を照らした\n\nだが、それは時に眩しすぎ\n夜を消し去ってしまうだろう\n
2219007	霊魂の宿った遺灰\n夜の剣士、ヨラーンの霊体を召喚する\n\n瞳膜の祝福を受け、光を得た剣士の霊体\n深黒の刀を振るい敵のガードを貫く\n\nそれは、望んだ星の光ではなかったが\n確かに彼女の夜を照らした\n\nだが、それは時に眩しすぎ\n夜を消し去ってしまうだろう\n
2219008	霊魂の宿った遺灰\n夜の剣士、ヨラーンの霊体を召喚する\n\n瞳膜の祝福を受け、光を得た剣士の霊体\n深黒の刀を振るい敵のガードを貫く\n\nそれは、望んだ星の光ではなかったが\n確かに彼女の夜を照らした\n\nだが、それは時に眩しすぎ\n夜を消し去ってしまうだろう\n
2219009	霊魂の宿った遺灰\n夜の剣士、ヨラーンの霊体を召喚する\n\n瞳膜の祝福を受け、光を得た剣士の霊体\n深黒の刀を振るい敵のガードを貫く\n\nそれは、望んだ星の光ではなかったが\n確かに彼女の夜を照らした\n\nだが、それは時に眩しすぎ\n夜を消し去ってしまうだろう\n
2219010	霊魂の宿った遺灰\n夜の剣士、ヨラーンの霊体を召喚する\n\n瞳膜の祝福を受け、光を得た剣士の霊体\n深黒の刀を振るい敵のガードを貫く\n\nそれは、望んだ星の光ではなかったが\n確かに彼女の夜を照らした\n\nだが、それは時に眩しすぎ\n夜を消し去ってしまうだろう\n
2220000	霊魂の宿った遺灰\nヨラーンとアンナ、二人の霊体を召喚する\n\nユミル卿の傀儡、アンナを取り込んだ\n二人の夜の剣士の霊体\n\nヨラーンの刀と、アンナの爪は\n共に深黒であり、敵のガードを貫く\n\n二人は、暗く寒い牢獄で生まれ\n光を奪われ、夜の剣士として育てられた\nそれは彼女たちを、恐るべき刃となし\nまた心を弱くした\n
2220001	霊魂の宿った遺灰\nヨラーンとアンナ、二人の霊体を召喚する\n\nユミル卿の傀儡、アンナを取り込んだ\n二人の夜の剣士の霊体\n\nヨラーンの刀と、アンナの爪は\n共に深黒であり、敵のガードを貫く\n\n二人は、暗く寒い牢獄で生まれ\n光を奪われ、夜の剣士として育てられた\nそれは彼女たちを、恐るべき刃となし\nまた心を弱くした\n
2220002	霊魂の宿った遺灰\nヨラーンとアンナ、二人の霊体を召喚する\n\nユミル卿の傀儡、アンナを取り込んだ\n二人の夜の剣士の霊体\n\nヨラーンの刀と、アンナの爪は\n共に深黒であり、敵のガードを貫く\n\n二人は、暗く寒い牢獄で生まれ\n光を奪われ、夜の剣士として育てられた\nそれは彼女たちを、恐るべき刃となし\nまた心を弱くした\n
2220003	霊魂の宿った遺灰\nヨラーンとアンナ、二人の霊体を召喚する\n\nユミル卿の傀儡、アンナを取り込んだ\n二人の夜の剣士の霊体\n\nヨラーンの刀と、アンナの爪は\n共に深黒であり、敵のガードを貫く\n\n二人は、暗く寒い牢獄で生まれ\n光を奪われ、夜の剣士として育てられた\nそれは彼女たちを、恐るべき刃となし\nまた心を弱くした\n
2220004	霊魂の宿った遺灰\nヨラーンとアンナ、二人の霊体を召喚する\n\nユミル卿の傀儡、アンナを取り込んだ\n二人の夜の剣士の霊体\n\nヨラーンの刀と、アンナの爪は\n共に深黒であり、敵のガードを貫く\n\n二人は、暗く寒い牢獄で生まれ\n光を奪われ、夜の剣士として育てられた\nそれは彼女たちを、恐るべき刃となし\nまた心を弱くした\n
2220005	霊魂の宿った遺灰\nヨラーンとアンナ、二人の霊体を召喚する\n\nユミル卿の傀儡、アンナを取り込んだ\n二人の夜の剣士の霊体\n\nヨラーンの刀と、アンナの爪は\n共に深黒であり、敵のガードを貫く\n\n二人は、暗く寒い牢獄で生まれ\n光を奪われ、夜の剣士として育てられた\nそれは彼女たちを、恐るべき刃となし\nまた心を弱くした\n
2220006	霊魂の宿った遺灰\nヨラーンとアンナ、二人の霊体を召喚する\n\nユミル卿の傀儡、アンナを取り込んだ\n二人の夜の剣士の霊体\n\nヨラーンの刀と、アンナの爪は\n共に深黒であり、敵のガードを貫く\n\n二人は、暗く寒い牢獄で生まれ\n光を奪われ、夜の剣士として育てられた\nそれは彼女たちを、恐るべき刃となし\nまた心を弱くした\n
2220007	霊魂の宿った遺灰\nヨラーンとアンナ、二人の霊体を召喚する\n\nユミル卿の傀儡、アンナを取り込んだ\n二人の夜の剣士の霊体\n\nヨラーンの刀と、アンナの爪は\n共に深黒であり、敵のガードを貫く\n\n二人は、暗く寒い牢獄で生まれ\n光を奪われ、夜の剣士として育てられた\nそれは彼女たちを、恐るべき刃となし\nまた心を弱くした\n
2220008	霊魂の宿った遺灰\nヨラーンとアンナ、二人の霊体を召喚する\n\nユミル卿の傀儡、アンナを取り込んだ\n二人の夜の剣士の霊体\n\nヨラーンの刀と、アンナの爪は\n共に深黒であり、敵のガードを貫く\n\n二人は、暗く寒い牢獄で生まれ\n光を奪われ、夜の剣士として育てられた\nそれは彼女たちを、恐るべき刃となし\nまた心を弱くした\n
2220009	霊魂の宿った遺灰\nヨラーンとアンナ、二人の霊体を召喚する\n\nユミル卿の傀儡、アンナを取り込んだ\n二人の夜の剣士の霊体\n\nヨラーンの刀と、アンナの爪は\n共に深黒であり、敵のガードを貫く\n\n二人は、暗く寒い牢獄で生まれ\n光を奪われ、夜の剣士として育てられた\nそれは彼女たちを、恐るべき刃となし\nまた心を弱くした\n
2220010	霊魂の宿った遺灰\nヨラーンとアンナ、二人の霊体を召喚する\n\nユミル卿の傀儡、アンナを取り込んだ\n二人の夜の剣士の霊体\n\nヨラーンの刀と、アンナの爪は\n共に深黒であり、敵のガードを貫く\n\n二人は、暗く寒い牢獄で生まれ\n光を奪われ、夜の剣士として育てられた\nそれは彼女たちを、恐るべき刃となし\nまた心を弱くした\n
