12	馬呼び
13	槍召喚
14	弓召喚
15	盾召喚
16	ユニーク召喚
17	
18	
19	
20	行け
21	雷撃
22	スリープクラウド
23	ソウルの矢
24	強いソウルの矢
25	追尾するソウルの塊
26	ソウルの槍
27	照らす光
28	音送り
29	降り注ぐ結晶
30	ソウルの大剣
31	ターンアンデッド
32	
33	
34	
35	竜魔法_防護
36	
37	
38	
39	
40	【テスト】エリクサー
41	【テスト】エリクサー（空）
42	【テスト】エリクサー素材1
43	【テスト】エリクサー素材2
44	【テスト】エリクサー素材3
60	システム　ID監視用アイテム1
61	システム　ID監視用アイテム2
62	システム　ID監視用アイテム3
63	システム　ID監視用アイテム4
64	システム　ID監視用アイテム5
65	システム　ID監視用アイテム6
66	システム　ID監視用アイテム7
67	システム　ID監視用アイテム8
68	システム　ID監視用アイテム9
69	システム　ID監視用アイテム10
94	血文字作成時のPCアニメ再生用ダミー
95	
96	
97	
98	まとめて使用チェック用 消えかけのソウル
99	自動補充チェック用 緑花草
100	協力マルチプレイのための召喚サインを書く
101	敵対マルチプレイのための召喚サインを書く
102	他プレイヤーの世界に侵入を試みる
103	召喚した者を送還するか、自身が元の世界に戻る
104	侵入された時に、「狩人」の召喚を要請する
105	「狩人」の召喚要請があった時、それに応える
106	他世界に伝播するメッセージを書く
107	侵入した世界に、再度侵入を試みる
108	侵入者を招き寄せる
109	協力サインを、サイン溜まりに送る
110	敵対サインを、サイン溜まりに送る
111	他プレイヤーの世界に侵入を試みる
112	他プレイヤーの世界に侵入を試みる
113	侵入した世界に、再度侵入を試みる
114	侵入した世界に、再度侵入を試みる
115	すべてのルーンを失い、最後に訪れた祝福に移動する
130	霊馬トレントを呼び出し、騎乗する
131	
132	
133	
134	
135	侵入した世界の敵に、血の祝福を与える
150	協力／敵対サインを可視化する
170	協力マルチプレイのための召喚サインを書く
171	敵対マルチプレイのための召喚サインを書く
172	他プレイヤーの世界に侵入を試みる
173	
174	侵入された時に、「狩人」の召喚を要請する
175	「狩人」の召喚要請があった時、それに応える
176	
177	
178	侵入者を招き寄せる
179	協力サインを、サイン溜まりに送る
180	敵対サインを、サイン溜まりに送る
181	霊馬トレントを呼び出し、騎乗する
182	協力／敵対サインを可視化する
183	他プレイヤーの世界に侵入を試みる
184	他プレイヤーの世界に侵入を試みる
185	
186	
187	
188	
189	
190	使用により、装備した大ルーンの恩恵をもたらす
191	恩恵により、すべての能力値を上昇させる
192	ＨＰ、ＦＰ、スタミナの最大値を上昇させる
193	恩恵により、ＨＰの最大値を大きく上昇させる
194	恩恵により、敵を倒した時にＨＰを回復する
195	恩恵により、召喚した霊体に血の祝福を与える
196	ダメージを受けた後、攻撃により一部を回復できる
197	
198	
199	
200	ＨＰを回復するが、今は空である
201	ＨＰを回復する
202	ＨＰを回復するが、今は空である
203	ＨＰを回復する
204	ＨＰを回復するが、今は空である
205	ＨＰを回復する
206	ＨＰを回復するが、今は空である
207	ＨＰを回復する
208	ＨＰを回復するが、今は空である
209	ＨＰを回復する
210	ＨＰを回復するが、今は空である
211	ＨＰを回復する
212	ＨＰを回復するが、今は空である
213	ＨＰを回復する
214	ＨＰを回復するが、今は空である
215	ＨＰを回復する
216	
217	
218	
219	
220	ＦＰを回復するが、今は空である
221	ＦＰを回復する
222	ＦＰを回復するが、今は空である
223	ＦＰを回復する
224	ＦＰを回復するが、今は空である
225	ＦＰを回復する
226	ＦＰを回復するが、今は空である
227	ＦＰを回復する
228	ＦＰを回復するが、今は空である
229	ＦＰを回復する
230	ＦＰを回復するが、今は空である
231	ＦＰを回復する
232	ＦＰを回復するが、今は空である
233	ＦＰを回復する
234	ＦＰを回復するが、今は空である
235	ＦＰを回復する
250	様々な、特別な効果をもたらす
251	様々な、特別な効果をもたらすが、今は空である
300	敵に投げつけ、炎ダメージを与える
301	敵に投げつけ、大きな炎ダメージを与える
302	ＦＰを消費して投げつけ、大きな炎ダメージを与える
320	敵に投げつけ、雷ダメージを与える
321	敵に投げつけ、大きな雷ダメージを与える
322	
323	
324	
325	
326	
327	
328	
329	
330	敵に投げつけ、猛毒を蓄積する
331	
332	
333	
334	
335	
336	
337	
338	
339	
340	敵に投げつけ、血蠅の群れが襲いかかる
341	
342	
343	
344	
345	
346	
347	
348	
349	
350	ＦＰを消費して投げつけ、聖ダメージを与える
351	ＦＰを消費して投げつけ、大きな聖ダメージを与える
352	
353	
354	
355	
356	
357	
358	
359	
360	敵に投げつけ、冷気を蓄積する
361	
362	
363	
364	
365	
366	
367	
368	
369	
370	敵に投げつけ、毒を蓄積する
371	
372	
373	
374	
375	
376	
377	
378	
379	
380	敵に投げつけ、油まみれにする
381	
382	
383	
384	
385	
386	
387	
388	
389	
390	ＦＰを消費して投げつけ、人の類を引き寄せる
391	ＦＰを消費して投げつけ、獣だけを引き寄せる
392	
393	
394	
395	
396	
397	
398	
399	最上位ヒビ壺を使った投擲壺（確認用）
400	背後に投げつけ、炎ダメージを与える
420	背後に投げつけ、雷ダメージを与える
421	
422	
423	
424	
425	
426	
427	
428	
429	
430	背後に投げつけ、猛毒を蓄積する
431	
432	
433	
434	
435	
436	
437	
438	
439	
440	背後に投げつけ、毒を蓄積する
441	
442	
443	
444	
445	
446	
447	
448	
449	
450	背後に投げつけ、油まみれにする
451	
452	
453	
454	
455	
456	
457	
458	
459	
460	ＦＰを消費して投げつけ、魔力ダメージを与える
461	
462	
463	
464	
465	
466	
467	
468	
469	
470	背後に投げつけ、血蠅の群れが襲いかかる
471	
472	
473	
474	
475	
476	
477	
478	
479	
480	背後の敵に投げつけ、「冷気」の状態異常を蓄積させる
481	
482	
483	
484	
485	
486	
487	
488	
489	
490	熱気を生じ、触れるものに炎ダメージを与える
491	
492	
493	
494	
495	
496	
497	
498	
499	
500	紐付き黄金樹壺
501	
502	
503	
504	
505	
506	
507	
508	
509	
510	ＦＰを消費して投げつけ、聖ダメージを与える
600	熱気を生じ、触れるものに炎ダメージを与える
601	
602	
603	
604	
605	
606	
607	
608	
609	
610	ＦＰを消費して投げつけ、聖杯瓶による回復を阻害する
630	敵に投げつけ、呪血まみれにする
631	
632	
633	
634	
635	
636	
637	
638	
639	
640	ＦＰを消費して投げつけ、睡眠を蓄積する
641	
642	
643	
644	
645	
646	
647	
648	
649	
650	ＦＰを消費して投げつけ、怨霊たちを生じる
651	
652	
653	
654	
655	
656	
657	
658	
659	
660	ＦＰを消費して投げつけ、魔力ダメージを与える
661	ＦＰを消費して投げつけ、大きな魔力ダメージを与える
662	
663	
664	
665	
666	
667	
668	
669	
670	敵に投げつけ、朱い腐敗を蓄積する
810	騎乗時に霊馬トレントに与え、ＨＰを回復する
811	騎乗時に霊馬トレントに与え、ＨＰを大きく回復する
812	騎乗時に霊馬に与え、ＨＰをとても大きく回復する
813	
814	
815	
816	
817	
818	
819	
820	一定時間、物理カット率を大きく高める
821	
822	
823	
824	
825	
826	
827	
828	
829	
830	一定時間、物理カット率を高める
900	毒の蓄積を軽減し、毒状態を癒す
901	
902	
903	
904	
905	
906	
907	
908	
909	
910	出血の蓄積を軽減する
911	
912	
913	
914	
915	
916	
917	
918	
919	
920	冷気の蓄積を軽減する
921	
922	
923	
924	
925	
926	
927	
928	
929	
930	睡眠の蓄積を軽減する
931	
932	
933	
934	
935	
936	
937	
938	
939	
940	朱い腐敗の蓄積を軽減し、腐敗状態を癒す
941	
942	
943	
944	
945	
946	
947	
948	
949	
950	死の蓄積を軽減する
951	
952	
953	
954	
955	
956	
957	
958	
959	
960	発狂の蓄積を軽減する
1000	ＨＰを回復するが、今は空である
1001	ＨＰを回復する
1002	ＨＰを回復するが、今は空である
1003	ＨＰを回復する
1004	ＨＰを回復するが、今は空である
1005	ＨＰを回復する
1006	ＨＰを回復するが、今は空である
1007	ＨＰを回復する
1008	ＨＰを回復するが、今は空である
1009	ＨＰを回復する
1010	ＨＰを回復するが、今は空である
1011	ＨＰを回復する
1012	ＨＰを回復するが、今は空である
1013	ＨＰを回復する
1014	ＨＰを回復するが、今は空である
1015	ＨＰを回復する
1016	ＨＰを回復するが、今は空である
1017	ＨＰを回復する
1018	ＨＰを回復するが、今は空である
1019	ＨＰを回復する
1020	ＨＰを回復するが、今は空である
1021	ＨＰを回復する
1022	ＨＰを回復するが、今は空である
1023	ＨＰを回復する
1024	ＨＰを回復するが、今は空である
1025	ＨＰを回復する
1050	ＦＰを回復するが、今は空である
1051	ＦＰを回復する
1052	ＦＰを回復するが、今は空である
1053	ＦＰを回復する
1054	ＦＰを回復するが、今は空である
1055	ＦＰを回復する
1056	ＦＰを回復するが、今は空である
1057	ＦＰを回復する
1058	ＦＰを回復するが、今は空である
1059	ＦＰを回復する
1060	ＦＰを回復するが、今は空である
1061	ＦＰを回復する
1062	ＦＰを回復するが、今は空である
1063	ＦＰを回復する
1064	ＦＰを回復するが、今は空である
1065	ＦＰを回復する
1066	ＦＰを回復するが、今は空である
1067	ＦＰを回復する
1068	ＦＰを回復するが、今は空である
1069	ＦＰを回復する
1070	ＦＰを回復するが、今は空である
1071	ＦＰを回復する
1072	ＦＰを回復するが、今は空である
1073	ＦＰを回復する
1074	ＦＰを回復するが、今は空である
1075	ＦＰを回復する
1100	一時的に、スタミナ回復速度を高める
1101	
1102	
1103	
1104	
1105	
1106	
1107	
1108	
1109	
1110	一時的に、免疫耐性を高める
1111	
1112	
1113	
1114	
1115	
1116	
1117	
1118	
1119	
1120	一時的に、頑健耐性を高める
1121	
1122	
1123	
1124	
1125	
1126	
1127	
1128	
1129	
1130	一時的に、正気耐性を高める
1131	
1132	
1133	
1134	
1135	
1136	
1137	
1138	
1139	
1140	一時的に、免疫、頑健、正気の耐性を高める
1141	
1142	
1143	
1144	
1145	
1146	
1147	
1148	
1149	
1150	一時的に、魔力カット率を高める
1151	
1152	
1153	
1154	
1155	
1156	
1157	
1158	
1159	
1160	一時的に、炎カット率を高める
1161	
1162	
1163	
1164	
1165	
1166	
1167	
1168	
1169	
1170	一時的に、雷カット率を高める
1171	
1172	
1173	
1174	
1175	
1176	
1177	
1178	
1179	
1180	一時的に、聖カット率を高める
1181	
1182	
1183	
1184	
1185	
1186	
1187	
1188	
1189	
1190	一時的に、発見力が上昇する
1191	
1192	
1193	
1194	
1195	
1196	
1197	
1198	
1199	
1200	一定時間、敵を倒した時の取得ルーンが増える
1201	
1202	
1203	
1204	
1205	
1206	
1207	
1208	
1209	
1210	一時的に、物理攻撃力が上昇する
1211	
1212	
1213	
1214	
1215	
1216	
1217	
1218	
1219	
1220	一定時間、即死耐性を高める
1235	ＨＰを回復するが、毒状態になる
1236	
1237	
1238	
1239	
1240	黄色く爛れきった、病み人の瞳
1290	使用により、ＦＰをゆっくりと回復する
1310	一時的に、免疫耐性を高める
1311	
1312	
1313	
1314	
1315	
1316	
1317	
1318	
1319	
1320	一時的に、頑健耐性を高める
1321	
1322	
1323	
1324	
1325	
1326	
1327	
1328	
1329	
1330	一時的に、正気耐性を高める
1331	
1332	
1333	
1334	
1335	
1336	
1337	
1338	
1339	
1340	一時的に、免疫、頑健、正気の耐性を高める
1341	
1342	
1343	
1344	
1345	
1346	
1347	
1348	
1349	
1350	一定時間、即死耐性を高める
1400	武器に塗り、炎攻撃力を付加する
1401	
1402	
1403	
1404	
1405	
1406	
1407	
1408	
1409	
1410	武器に塗り、雷攻撃力を付加する
1411	
1412	
1413	
1414	
1415	
1416	
1417	
1418	
1419	
1420	武器に塗り、魔力攻撃力を付加する
1421	
1422	
1423	
1424	
1425	
1426	
1427	
1428	
1429	
1430	武器に塗り、聖攻撃力を付加する
1431	
1432	
1433	
1434	
1435	
1436	
1437	
1438	
1439	
1440	武器に塗り、出血の状態異常を付加する
1441	
1442	
1443	
1444	
1445	
1446	
1447	
1448	
1449	
1450	武器に塗り、睡眠の状態異常を付加する
1451	
1452	
1453	
1454	
1455	
1456	
1457	
1458	
1459	
1460	武器に塗り、毒の状態異常を付加する
1461	
1462	
1463	
1464	
1465	
1466	
1467	
1468	
1469	
1470	武器に塗り、冷気の状態異常を付加する
1471	
1472	
1473	
1474	
1475	
1476	
1477	
1478	
1479	
1480	武器に塗り、竜に対する特効を付加する
1481	
1482	
1483	
1484	
1485	
1486	
1487	
1488	
1489	
1490	武器に塗り、朱い腐敗の状態異常を付加する
1491	
1492	
1493	
1494	
1495	
1496	
1497	
1498	
1499	
1500	素早く武器に塗り、炎攻撃力を付加する
1501	
1502	
1503	
1504	
1505	
1506	
1507	
1508	
1509	
1510	素早く武器に塗り、雷攻撃力を付加する
1511	
1512	
1513	
1514	
1515	
1516	
1517	
1518	
1519	
1520	素早く武器に塗り、魔力攻撃力を付加する
1521	
1522	
1523	
1524	
1525	
1526	
1527	
1528	
1529	
1530	素早く武器に塗り、聖攻撃力を付加する
1531	
1532	
1533	
1534	
1535	
1536	
1537	
1538	
1539	
1540	素早く武器に塗り、出血の状態異常を付加する
1541	
1542	
1543	
1544	
1545	
1546	
1547	
1548	
1549	
1550	素早く武器に塗り、睡眠の状態異常を付加する
1551	
1552	
1553	
1554	
1555	
1556	
1557	
1558	
1559	
1560	素早く武器に塗り、毒の状態異常を付加する
1561	
1562	
1563	
1564	
1565	
1566	
1567	
1568	
1569	
1570	素早く武器に塗り、凍傷の状態異常を付加する
1590	素早く武器に塗り、朱い腐敗の状態異常を付加する
1690	すべてのカット率とガード強度を高める
1691	
1692	
1693	
1694	
1695	
1696	
1697	
1698	
1699	
1700	敵に投げつけ、ダメージを与える
1701	
1702	
1703	
1704	
1705	
1706	
1707	
1708	
1709	
1710	敵に投げつけ、ダメージを与える
1711	
1712	
1713	
1714	
1715	
1716	
1717	
1718	
1719	
1720	敵に投げつけダメージを与え、毒を蓄積する
1721	
1722	
1723	
1724	
1725	
1726	
1727	
1728	
1729	
1730	敵に投げつけダメージを与え、出血を蓄積する
1731	
1732	
1733	
1734	
1735	
1736	
1737	
1738	
1739	
1740	ＦＰを消費して投げつけ、魔力ダメージを与える
1741	
1742	
1743	
1744	
1745	
1746	
1747	
1748	
1749	
1750	扇状に投げつけ、ダメージを与える
1751	
1752	
1753	
1754	
1755	
1756	
1757	
1758	
1759	
1760	アイテム製作に用いる素材のひとつ
1810	獣たちを強く惹きつける
1830	敵に投げつけ、爆発して炎ダメージを与える
1831	まとめて投げつけ、爆発して炎ダメージを与える
1832	
1833	
1834	
1835	
1836	
1837	
1838	
1839	
1840	敵に投げつけ、毒を蓄積する
1841	まとめて投げつけ、毒を蓄積する
2020	置かれた場所で、七色の何れかに光り道標となる
2021	
2022	
2023	
2024	
2025	
2026	
2027	
2028	
2029	
2030	置かれた場所で光を放ち、周囲を照らす
2031	
2032	
2033	
2034	
2035	
2036	
2037	
2038	
2039	
2040	遠くの景色が大きく見える
2041	
2042	
2043	
2044	
2045	
2046	
2047	
2048	
2049	
2050	光跡で道を示すが、それはまったく無秩序である
2070	腰につけ、周囲を照らす
2071	
2072	
2073	
2074	
2075	
2076	
2077	
2078	
2079	
2080	黒き剣の力を逸らすことができる
2081	
2082	
2083	
2084	
2085	
2086	
2087	
2088	
2089	
2090	獣の司祭が、これを集め喰らっている
2091	
2092	
2093	
2094	
2095	
2096	
2097	
2098	
2099	
2100	一時的に、落下ダメージと落下音、足音を軽減する
2120	全身の汚れや「まみれ」を落とす
2121	
2122	
2123	
2124	
2125	
2126	
2127	
2128	
2129	
2130	結びの教会で、贖罪を行うことができる
2131	
2132	
2133	
2134	
2135	
2136	
2137	
2138	
2139	
2140	かつての幽囚、マルギットを、一時的に地に縛る
2141	
2142	
2143	
2144	
2145	
2146	
2147	
2148	
2149	
2150	かつての幽囚、モーグを、一時的に地に縛る
2151	
2152	
2153	
2154	
2155	
2156	
2157	
2158	
2159	
2160	モーグとの謁見が叶うが、今はまだその時ではない
2190	狂い火を受領していれば、それを鎮めることができる
2191	
2192	
2193	
2194	
2195	
2196	
2197	
2198	
2199	
2200	「こんにちは」と声を発する
2201	「ありがとう」と声を発する
2202	「ごめんなさい」と声を発する
2203	「すばらしい！」と声を発する
2204	「助けてくれ…」と声を発する
2205	「愛している」と声を発する
2206	「はじめようか」と声を発する
2207	「貴方は美しいわ」と声を発する
2290	使用により、多くのルーンを得る
2900	使用により、２００ルーンを得る
2901	使用により、４００ルーンを得る
2902	使用により、８００ルーンを得る
2903	使用により、１２００ルーンを得る
2904	使用により、１６００ルーンを得る
2905	使用により、２０００ルーンを得る
2906	使用により、２５００ルーンを得る
2907	使用により、３０００ルーンを得る
2908	使用により、３８００ルーンを得る
2909	使用により、５０００ルーンを得る
2910	使用により、６２５０ルーンを得る
2911	使用により、７５００ルーンを得る
2912	使用により、１００００ルーンを得る
2913	使用により、１２５００ルーンを得る
2914	使用により、１５０００ルーンを得る
2915	使用により、２００００ルーンを得る
2916	使用により、２５０００ルーンを得る
2917	使用により、３００００ルーンを得る
2918	使用により、３５０００ルーンを得る
2919	使用により、５００００ルーンを得る
2950	指読みにより、主の力を得ることができる
2951	指読みにより、主の力を得ることができる
2952	指読みにより、主の力を得ることができる
2953	指読みにより、主の力を得ることができる
2954	指読みにより、主の力を得ることができる
2955	指読みにより、主の力を得ることができる
2956	指読みにより、主の力を得ることができる
2957	指読みにより、主の力を得ることができる
2958	指読みにより、主の力を得ることができる
2959	指読みにより、主の力を得ることができる
2960	指読みにより、主の力を得ることができる
2961	指読みにより、主の力を得ることができる
2962	指読みにより、主の力を得ることができる
2963	指読みにより、主の力を得ることができる
2964	指読みにより、主の力を得ることができる
2990	使用により、３０００ルーンを得る
2991	
2992	
2993	
2994	
2995	
2996	
2997	
2998	
2999	
3000	ＦＰを消費して、霊の飛沫を振りまく
3001	
3002	
3003	
3004	
3005	
3006	
3007	
3008	
3009	
3010	ＦＰを消費して、追いすがる呪霊を放つ
3011	ＦＰを消費して、追いすがる多くの呪霊を放つ
3012	
3013	
3014	
3015	
3016	
3017	
3018	
3019	
3020	ＦＰを消費して、激しい光の降雨を呼ぶ
3021	
3022	
3023	
3024	
3025	
3026	
3027	
3028	
3029	
3030	ＦＰを消費して、魔力の弾を生じる
3031	
3032	
3033	
3034	
3035	
3036	
3037	
3038	
3039	
3040	ＦＰを消費して、様々な物体に擬態する
3041	
3042	
3043	
3044	
3045	
3046	
3047	
3048	
3049	
3050	ＦＰを消費して砕き、魔力の弾を生じる
3051	ＦＰを消費して砕き、多くの魔力の弾を生じる
3052	
3053	
3054	
3055	
3056	
3057	
3058	
3059	
3060	ＦＰを消費して、扇状に重力の衝撃を発生させる
3061	
3062	
3063	
3064	
3065	
3066	
3067	
3068	
3069	
3070	ＦＰを消費して投げつけ、重力の爆発を発生させる
3071	
3072	
3073	
3074	
3075	
3076	
3077	
3078	
3079	
3080	ＦＰを消費して鳴らし、さまよう呪霊を喚ぶ
3300	聖域石
3301	
3302	
3303	
3304	
3305	
3306	
3307	
3308	
3309	
3310	ＦＰを消費して、近い者のＨＰを持続的に回復する
3311	狂い火を宿す者の、ＨＰを持続的に回復する
3312	
3313	
3314	
3315	
3316	
3317	
3318	
3319	
3320	自世界に、より多くのメッセージを伝播させる
3350	ＦＰを消費して、刺した敵を魅了する
3351	
3352	
3353	
3354	
3355	
3356	
3357	
3358	
3359	
3360	ＦＰを消費して、一時的に強靭度を高める
3361	ＦＰを消費して、一時的に強靭度を高める
3500	味方の攻撃力を高め、一度だけダメージをカットする
3501	
3502	
3503	
3504	
3505	
3506	
3507	
3508	
3509	
3510	ＦＰを消費して、広範囲に火花を生じる
3511	
3512	
3513	
3514	
3515	
3516	
3517	
3518	
3519	
3520	ＦＰを消費して、一時的に全身を鉄と化す
3550	ＦＰを消費して、一時的な狂熱をもたらす
3580	ＦＰを消費して、毒粉を吐く
3610	ＦＰを消費して、強酸の粉を吐く
4000	杖の輝石から、魔力のつぶてを放つ
4001	杖の輝石から、大きな魔力のつぶてを放つ
4002	
4003	
4004	
4005	
4006	
4007	
4008	
4009	
4010	杖の輝石から、素早く魔力のつぶてを放つ
4011	
4012	
4013	
4014	
4015	
4016	
4017	
4018	
4019	
4020	尾を生じて飛ぶ、魔力の彗星を放つ
4021	魔力の大彗星たる、ほうき星を放つ
4022	
4023	
4024	
4025	
4026	
4027	
4028	
4029	
4030	渦を巻いて飛ぶ、二筋のつぶてを放つ
4031	
4032	
4033	
4034	
4035	
4036	
4037	
4038	
4039	
4040	対象に向かって飛ぶ、三つの流星を放つ
4041	
4042	
4043	
4044	
4045	
4046	
4047	
4048	
4049	
4050	対象に向かって飛ぶ、六つの流星を放つ
4051	
4052	
4053	
4054	
4055	
4056	
4057	
4058	
4059	
4060	輝石の結晶片を、連続で放つ
4061	
4062	
4063	
4064	
4065	
4066	
4067	
4068	
4069	
4070	横に大きく広がる、魔力の弧を放つ
4071	
4072	
4073	
4074	
4075	
4076	
4077	
4078	
4079	
4080	放物線を描いて飛ぶ、魔力の砲丸を放つ
4081	
4082	
4083	
4084	
4085	
4086	
4087	
4088	
4089	
4090	輝石の結晶片を、多数同時に放つ
4091	
4092	
4093	
4094	
4095	
4096	
4097	
4098	
4099	
4100	地面を突き、周囲に魔力の衝撃波を発生させる
4101	
4102	
4103	
4104	
4105	
4106	
4107	
4108	
4109	
4110	地面を突き、大きな魔力の衝撃波を発生させる
4111	
4112	
4113	
4114	
4115	
4116	
4117	
4118	
4119	
4120	魔力の大槌を生じ、それを叩き付ける
4121	
4122	
4123	
4124	
4125	
4126	
4127	
4128	
4129	
4130	魔法陣の内にいる者の、魔術の威力を高める
4131	
4132	
4133	
4134	
4135	
4136	
4137	
4138	
4139	
4140	小さな星灯りを浮かべ、周囲を照らす
4200	星空の奔流たる、極大の彗星を放つ
4201	
4202	
4203	
4204	
4205	
4206	
4207	
4208	
4209	
4210	しばらくの間、凄まじい星雨を降らせる
4211	
4212	
4213	
4214	
4215	
4216	
4217	
4218	
4219	
4220	対象に向かって飛ぶ、十二の暗い流星を放つ
4300	魔力の輝剣で、円陣を展開する
4301	多数の魔力の輝剣で、円陣を展開する
4302	巨大な魔力の輝剣で、円陣を展開する
4360	その身に満月を呼び、敵に向かわせる
4361	その身に冷たい暗月を呼び、敵に向かわせる
4362	
4363	
4364	
4365	
4366	
4367	
4368	
4369	
4370	魔力の塊を浮かべ、広範囲に魔力弾を降らせる
4371	
4372	
4373	
4374	
4375	
4376	
4377	
4378	
4379	
4380	魔力の大弓を生じ、大矢を放つ
4381	魔力の大弓を生じ、四本の大矢を同時に放つ
4382	
4383	
4384	
4385	
4386	
4387	
4388	
4389	
4390	頭上に魔法陣を描き、時間差で輝剣を生じる
4391	
4392	
4393	
4394	
4395	
4396	
4397	
4398	
4399	
4400	杖の輝石から、冷たい魔力の塊を放つ
4401	
4402	
4403	
4404	
4405	
4406	
4407	
4408	
4409	
4410	杖を地に突き、周囲に冷気の嵐を生じる
4411	
4412	
4413	
4414	
4415	
4416	
4417	
4418	
4419	
4420	前方に、冷たい霧を生じる
4421	
4422	
4423	
4424	
4425	
4426	
4427	
4428	
4429	
4430	魔力の大剣を形作り、斬り払う
4431	斬り払うと同時に、冷気の刃を放つ
4432	
4433	
4434	
4435	
4436	
4437	
4438	
4439	
4440	魔力の剣を形作り、素早く斬り払う
4441	
4442	
4443	
4444	
4445	
4446	
4447	
4448	
4449	
4450	魔力の大剣を形作り、刺突する
4451	
4452	
4453	
4454	
4455	
4456	
4457	
4458	
4459	
4460	右手の武器に、魔力属性の攻撃力を付与する
4461	
4462	
4463	
4464	
4465	
4466	
4467	
4468	
4469	
4470	魔力により、左手の盾のカット率を高める
4471	
4472	
4473	
4474	
4475	
4476	
4477	
4478	
4479	
4480	睡眠、発狂の蓄積を軽減する
4481	
4482	
4483	
4484	
4485	
4486	
4487	
4488	
4489	
4490	右手の武器に、冷気の状態異常を付与する
4491	
4492	
4493	
4494	
4495	
4496	
4497	
4498	
4499	
4500	結晶の塊を生じ、前方に砕いて放つ
4501	
4502	
4503	
4504	
4505	
4506	
4507	
4508	
4509	
4510	広範囲に、凄まじい勢いで結晶片を降らせる
4511	
4512	
4513	
4514	
4515	
4516	
4517	
4518	
4519	
4520	結晶の塊を生じ、連続で結晶片を放つ
4600	離れた場所から、敵の背を襲うつぶてを放つ
4601	
4602	
4603	
4604	
4605	
4606	
4607	
4608	
4609	
4610	見え難い魔力のつぶてを、素早く放つ
4611	
4612	
4613	
4614	
4615	
4616	
4617	
4618	
4619	
4620	見え難い、魔力の彗星を放つ
4621	
4622	
4623	
4624	
4625	
4626	
4627	
4628	
4629	
4630	魔力の力場を生じ、魔術や祈祷を逸らす
4631	
4632	
4633	
4634	
4635	
4636	
4637	
4638	
4639	
4640	魔術や祈祷を消し去り、輝剣として逆展開する
4641	
4642	
4643	
4644	
4645	
4646	
4647	
4648	
4649	
4650	暗黒を生じ、魔術や祈祷を引き寄せる
4651	
4652	
4653	
4654	
4655	
4656	
4657	
4658	
4659	
4660	右手の武器の姿を、完全に消す
4661	
4662	
4663	
4664	
4665	
4666	
4667	
4668	
4669	
4670	術者の姿を、見え難くする
4700	虚空から小隕石を呼び、落下させる
4701	虚空から小隕石を呼び、大量に落下させる
4702	
4703	
4704	
4705	
4706	
4707	
4708	
4709	
4710	大地から岩塊を呼び、それを放つ
4711	
4712	
4713	
4714	
4715	
4716	
4717	
4718	
4719	
4720	重力を放ち、当たった者を己に引き寄せる
4721	重力を大量に放ち、当たった者を己に引き寄せる
4800	着弾時に爆発する、溶岩の弾丸を放つ
4801	
4802	
4803	
4804	
4805	
4806	
4807	
4808	
4809	
4810	大地から溶岩を噴出させ、周囲にばら撒く
4811	
4812	
4813	
4814	
4815	
4816	
4817	
4818	
4819	
4820	着弾後、間をおいて爆発する、溶岩の弾丸を放つ
4821	
4822	
4823	
4824	
4825	
4826	
4827	
4828	
4829	
4830	燻る怨霊を放ち、間をおいて連続する爆発を生じる
4900	自らを傷付け、渦巻く血の大茨を召喚する
4901	
4902	
4903	
4904	
4905	
4906	
4907	
4908	
4909	
4910	自らを傷付け、地を走る血茨を召喚する
5000	追いすがる怨霊たちを呼ぶ
5001	大量の、追いすがる怨霊たちを呼ぶ
5002	
5003	
5004	
5005	
5006	
5007	
5008	
5009	
5010	霊炎の爆発を生じ、周囲の広範囲を焼き払う
5011	
5012	
5013	
5014	
5015	
5016	
5017	
5018	
5019	
5020	前方に、死の霧を生じる
5021	
5022	
5023	
5024	
5025	
5026	
5027	
5028	
5029	
5030	死に迷う者たちを呼び出す
5031	
5032	
5033	
5034	
5035	
5036	
5037	
5038	
5039	
5040	周囲に、激しい死の落雷を呼ぶ
5100	幾つかの、小さな魔力のシャボンを放つ
5101	
5102	
5103	
5104	
5105	
5106	
5107	
5108	
5109	
5110	ひとつの大きな、魔力のシャボンを放つ
6000	手元に、一瞬の火をおこす
6001	手元に、一瞬の激しい火をおこす
6002	
6003	
6004	
6005	
6006	
6007	
6008	
6009	
6010	燃える火の玉を投げつける
6011	
6012	
6013	
6014	
6015	
6016	
6017	
6018	
6019	
6020	多数の火の玉を、一気に投げつける
6021	
6022	
6023	
6024	
6025	
6026	
6027	
6028	
6029	
6030	火を連ね、渦巻くように前方を焼き払う
6031	
6032	
6033	
6034	
6035	
6036	
6037	
6038	
6039	
6040	毒と朱い腐敗の蓄積を軽減し、それぞれの状態を癒す
6041	
6042	
6043	
6044	
6045	
6046	
6047	
6048	
6049	
6050	物理および炎属性の攻撃力を高める
6051	
6052	
6053	
6054	
6055	
6056	
6057	
6058	
6059	
6060	炎カット率を大きく高める
6100	燃える大きな火の玉を投げつける
6101	
6102	
6103	
6104	
6105	
6106	
6107	
6108	
6109	
6110	燃え盛る火球を放ち、爆発により周囲を炎上させる
6111	
6112	
6113	
6114	
6115	
6116	
6117	
6118	
6119	
6120	自身の周囲に、次々と火柱を燃え上がらせる
6210	燃える黒炎の玉を投げつける
6211	
6212	
6213	
6214	
6215	
6216	
6217	
6218	
6219	
6220	火を連ね、前方を激しく焼く
6221	
6222	
6223	
6224	
6225	
6226	
6227	
6228	
6229	
6230	黒炎により、前方を大きく焼き払う
6231	
6232	
6233	
6234	
6235	
6236	
6237	
6238	
6239	
6240	自身の周囲、円状に黒炎の柱を燃え上がらせる
6241	
6242	
6243	
6244	
6245	
6246	
6247	
6248	
6249	
6250	右手の武器に、黒炎を纏わせる
6251	
6252	
6253	
6254	
6255	
6256	
6257	
6258	
6259	
6260	物理カット率を高める
6261	
6262	
6263	
6264	
6265	
6266	
6267	
6268	
6269	
6270	大きく腹を突き出し、弾き飛ばす衝撃波を生じる
6300	前方に血炎の爪痕を生じ、次の瞬間に爆発する
6301	
6302	
6303	
6304	
6305	
6306	
6307	
6308	
6309	
6310	血炎を前方に撒き、炎上させる
6311	
6312	
6313	
6314	
6315	
6316	
6317	
6318	
6319	
6320	右手の武器に、血炎を纏わせる
6321	
6322	
6323	
6324	
6325	
6326	
6327	
6328	
6329	
6330	周囲の味方を含め、魔力カット率を大きく高める
6331	
6332	
6333	
6334	
6335	
6336	
6337	
6338	
6339	
6340	周囲の味方を含め、すべての属性カット率を高める
6400	周囲を弾き飛ばす、衝撃波を生じる
6401	
6402	
6403	
6404	
6405	
6406	
6407	
6408	
6409	
6410	周囲を弾き飛ばす、黄金の衝撃波を生じる
6411	
6412	
6413	
6414	
6415	
6416	
6417	
6418	
6419	
6420	ＨＰを少し回復する
6421	周囲の味方を含め、ＨＰを回復する
6422	周囲の味方を含め、ＨＰを大きく回復する
6423	周囲の味方を含め、ＨＰをとても大きく回復する
6424	周囲の味方を含め、ＨＰを膨大に回復する
6425	
6426	
6427	
6428	
6429	
6430	周囲の味方を含め、恵みの祝福を与える
6431	周囲の味方を含め、強い恵みの祝福を与える
6432	
6433	
6434	
6435	
6436	
6437	
6438	
6439	
6440	毒の蓄積を軽減し、毒状態を癒す
6441	周囲の味方を含め、毒、出血、睡眠の蓄積を軽減する
6442	
6443	
6444	
6445	
6446	
6447	
6448	
6449	
6450	炎カット率を高める
6451	
6452	
6453	
6454	
6455	
6456	
6457	
6458	
6459	
6460	魔力カット率を高める
6461	
6462	
6463	
6464	
6465	
6466	
6467	
6468	
6469	
6470	雷カット率を高める
6471	
6472	
6473	
6474	
6475	
6476	
6477	
6478	
6479	
6480	聖カット率を高める
6481	
6482	
6483	
6484	
6485	
6486	
6487	
6488	
6489	
6490	周囲の味方を含め、聖カット率を大きく高める
6491	
6492	
6493	
6494	
6495	
6496	
6497	
6498	
6499	
6500	前方に、命を蝕む銀の霧を生じる
6501	
6502	
6503	
6504	
6505	
6506	
6507	
6508	
6509	
6510	足音を消し、落下ダメージと落下音も軽減する
6511	
6512	
6513	
6514	
6515	
6516	
6517	
6518	
6519	
6520	前方に影を送り、人の類を引き寄せ、攻撃を誘う
6521	
6522	
6523	
6524	
6525	
6526	
6527	
6528	
6529	
6530	周囲を暗闇で覆い、術者を見失わせる
6600	周囲の味方を含め、攻撃力と防御力を高める
6700	黄金の光輪を生じ、前方に放つ
6701	黄金の光輪を三つ生じ、前方に放つ
6702	
6703	
6704	
6705	
6706	
6707	
6708	
6709	
6710	黄金の光輪を生じ、それを拡げ周囲を攻撃する
6711	
6712	
6713	
6714	
6715	
6716	
6717	
6718	
6719	
6720	無数の黄金の流星を生じ、周囲を攻撃する
6721	
6722	
6723	
6724	
6725	
6726	
6727	
6728	
6729	
6730	あらゆる状態異常と、特殊な効果を消し去る
6731	
6732	
6733	
6734	
6735	
6736	
6737	
6738	
6739	
6740	左手の盾の、属性および状態異常カット率を高める
6741	
6742	
6743	
6744	
6745	
6746	
6747	
6748	
6749	
6750	聖律の似姿を生じ、聖ダメージを与える
6751	
6752	
6753	
6754	
6755	
6756	
6757	
6758	
6759	
6760	一定量の攻撃を受けると、自動的に反撃する
6761	
6762	
6763	
6764	
6765	
6766	
6767	
6768	
6769	
6770	右手の武器に、聖属性の攻撃力を付与する
6771	
6772	
6773	
6774	
6775	
6776	
6777	
6778	
6779	
6780	死の蓄積を軽減する
6800	複数の鋭い石片を、素早く放つ
6801	
6802	
6803	
6804	
6805	
6806	
6807	
6808	
6809	
6810	大きな岩を、前方に放り投げる
6811	
6812	
6813	
6814	
6815	
6816	
6817	
6818	
6819	
6820	獣爪を生じ、衝撃で大地を引き裂く
6821	
6822	
6823	
6824	
6825	
6826	
6827	
6828	
6829	
6830	獣爪を生じ、衝撃で周囲すべてを引き裂く
6831	
6832	
6833	
6834	
6835	
6836	
6837	
6838	
6839	
6840	一定時間、ＨＰを回復し続ける
6841	
6842	
6843	
6844	
6845	
6846	
6847	
6848	
6849	
6850	出血および冷気の蓄積を軽減する
6900	雷の槍を呼び、前方に投げ放つ
6901	
6902	
6903	
6904	
6905	
6906	
6907	
6908	
6909	
6910	赤い落雷を呼び、周囲に奔らせる
6911	
6912	
6913	
6914	
6915	
6916	
6917	
6918	
6919	
6920	落雷を呼び、前方に奔らせる
6921	氷の雷槍を呼び、上空から突き立てる
6922	
6923	
6924	
6925	
6926	
6927	
6928	
6929	
6930	対象の頭上に、落雷を呼ぶ
6931	
6932	
6933	
6934	
6935	
6936	
6937	
6938	
6939	
6940	赤い雷槍を呼び、上空から突き立てる
6941	二本の赤い雷槍を呼び、上空から連続で突き立てる
6942	
6943	
6944	
6945	
6946	
6947	
6948	
6949	
6950	赤い雷の薙刀を呼び、上空から薙ぎ払う
6951	
6952	
6953	
6954	
6955	
6956	
6957	
6958	
6959	
6960	右手の武器に、雷属性の攻撃力を付与する
6961	
6962	
6963	
6964	
6965	
6966	
6967	
6968	
6969	
6970	赤き雷を呼び、右手の武器と身体に纏う
6971	雷を呼び、術者の身体に纏う
7000	己が姿を竜となし、炎のブレスを吐く
7001	上空から、飛竜アギールの炎を吐く
7002	
7003	
7004	
7005	
7006	
7007	
7008	
7009	
7010	己が姿を土竜となし、溶岩のブレスを吐く
7011	大土竜、テオドリックスの溶岩ブレスを吐く
7012	
7013	
7014	
7015	
7016	
7017	
7018	
7019	
7020	己が姿を竜となし、氷のブレスを吐く
7021	上空から、ボレアリスの氷霧を吐く
7022	
7023	
7024	
7025	
7026	
7027	
7028	
7029	
7030	己が姿を竜となし、朱い腐敗のブレスを吐く
7031	上空から、エグズキスの朱い腐敗のブレスを吐く
7032	
7033	
7034	
7035	
7036	
7037	
7038	
7039	
7040	己が姿を竜となし、魔力のブレスを吐く
7041	上空から、輝石竜スマラグの魔力ブレスを吐く
7042	
7043	
7044	
7045	
7046	
7047	
7048	
7049	
7050	上空から、竜王プラキドサクスの金色ブレスを吐く
7051	
7052	
7053	
7054	
7055	
7056	
7057	
7058	
7059	
7060	己が姿を竜となし、竜爪で切り裂く
7080	己が姿を竜となし、前方を噛み裂く
7081	
7082	
7083	
7084	
7085	
7086	
7087	
7088	
7089	
7090	大老竜グレイオールの、大咆哮を轟かせる
7091	
7092	
7093	
7094	
7095	
7096	
7097	
7098	
7099	
7100	竜鱗
7200	無数の粘つく糸を分泌し、前方に放つ
7201	
7202	
7203	
7204	
7205	
7206	
7207	
7208	
7209	
7210	血蠅の群れを前方に放ち、敵を襲わせる
7211	
7212	
7213	
7214	
7215	
7216	
7217	
7218	
7219	
7220	前方に毒の霧を生じる
7221	
7222	
7223	
7224	
7225	
7226	
7227	
7228	
7229	
7230	右手の武器に、毒を纏わせる
7231	
7232	
7233	
7234	
7235	
7236	
7237	
7238	
7239	
7240	大輪の花を開き、朱い腐敗を爆発させる
7300	対象に掴みかかり、発狂を伝染させる
7301	
7302	
7303	
7304	
7305	
7306	
7307	
7308	
7309	
7310	その瞳から、黄色い狂い火を迸らせる
7311	その瞳から、黄色い狂い火を激しく迸らせる
7312	
7313	
7314	
7315	
7316	
7317	
7318	
7319	
7320	その瞳から、黄色い狂い火を収束させて放つ
7321	
7322	
7323	
7324	
7325	
7326	
7327	
7328	
7329	
7330	狂気の叫びをあげ、周囲に発狂を蓄積する
7500	しなやかな尾を尻に生じ、前方を薙ぎ払う
7501	
7502	
7503	
7504	
7505	
7506	
7507	
7508	
7509	
7510	大角を肩に生じ、低い姿勢から突き上げる
7511	
7512	
7513	
7514	
7515	
7516	
7517	
7518	
7519	
7520	大きな喉袋を生じ、歩きながら火のブレスを吐く
7521	
7522	
7523	
7524	
7525	
7526	
7527	
7528	
7529	
7530	黒き剣を生じ、回転しながら斬りつけ、光波を放つ
7900	周囲と共に、自らを激しく焼く
7901	
7902	
7903	周囲の味方を含め、雷カット率を大きく高める
8000	インプ像の封印を解くが、使用すると失われる
8001	
8002	
8003	
8004	
8005	
8006	
8007	
8008	
8009	
8010	ストームヴィル城内の、施錠された扉を開く
8102	掲げ祈ることで、加護を獲得する
8103	
8104	
8105	割符を合わせ、デクタスの大昇降機を起動できる
8106	割符を合わせ、デクタスの大昇降機を起動できる
8107	ロルドの大昇降機を起動できる
8108	
8109	学院の２つの門を閉ざす封印の鍵
8110	
8111	カーリアの書院の、隠された姿を見出す鍵
8112	
8113	
8114	
8115	
8116	
8117	
8118	
8119	
8120	
8121	月の王女ラニの、冷たい契りの指輪
8122	
8123	
8124	
8125	
8126	黄色く爛れきった、騎士ヴァイクの瞳
8127	火山館からの依頼の手紙\n<?keyicon@31?>で内容を確認できる
8128	辛い苦悩を、すべて忘れさせる秘薬
8129	儀式の落とし子が、母の胎内で包まれていた羊膜
8130	ラーヤが、ならず者に奪われた首飾り
8131	モーンの城の主将である、父へと宛てた手紙
8132	火山館からの依頼の手紙\n<?keyicon@31?>で内容を確認できる
8133	火山館からの依頼の手紙\n<?keyicon@31?>で内容を確認できる
8134	火山館の客間の鍵
8135	
8136	ラーヤが、ならず者に奪われた首飾り
8137	火山館に誘う言葉が記された手紙
8138	
8139	
8140	
8141	
8142	特別な精薬の材料となる
8143	輝石魔術師セレンに宛てられた紹介状
8144	魔術師セレンの体内にあった輝石
8145	
8146	魔女ラニと瓜二つの小さな人形
8147	褪せ人に寄生したアスィミ
8148	恩恵の力を失った、ゴドリックの大ルーン
8149	恩恵の力を失った、ラダーンの大ルーン
8150	恩恵の力を失った、モーゴットの大ルーン
8151	恩恵の力を失った、ライカードの大ルーン
8152	恩恵の力を失った、モーグの大ルーン
8153	恩恵の力を失った、マレニアの大ルーン
8154	ヴァレーから渡された純白の誓布
8155	巫女の血に染まった、真っ赤な誓布
8156	墓地カラスの脚に括りつけられていた手紙
8157	
8158	遺灰から、様々な霊体を召喚する鈴
8159	永遠の都、ノクローンの秘宝
8160	
8161	亜人のボックの大事な縫い針
8162	デミゴッドの衣装のための特別な縫い針
8163	祝福で防具の調整ができる
8164	魔術教授セルブスから渡された小瓶
8165	
8166	琥珀色に艶めいた、秘め事の精薬
8167	火山館からパッチへの、依頼の手紙\n<?keyicon@31?>で内容を確認できる
8168	異国の踊り子が用いる、小さな打楽器
8169	ルーサット師を閉じ込める封印を解除できる
8170	
8171	ビロードの赤布に包まれたブローチ
8172	陰謀の夜の儀式の刻印
8173	火山館からベルナールへの、依頼の手紙\n<?keyicon@31?>で内容を確認できる
8174	学院の２つの門を閉ざす封印の鍵
8175	割符を合わせ、ロルドの大昇降機を起動する
8176	割符を合わせ、ロルドの大昇降機を起動する
8177	
8178	
8179	
8180	
8181	大隊商について書かれた手紙
8182	壊れかけのエルデンリングの、修復に使用できる
8183	壊れかけのエルデンリングの、修復に使用できる
8184	壊れかけのエルデンリングの、修復に使用できる
8185	満月の女王レナラの、産まれ直しの素材となる
8186	転送門の封印を解くが、使用すると失われる
8187	魔女ラニと瓜二つの小さな人形
8188	デミゴッドの防具も、祝福で調整できる
8189	イジーの亡骸が手にしていた１通の告白書
8190	黒き刃の刻印、その在処が記された簡易な地図\n<?keyicon@31?>で詳細を確認できる
8191	月の王女ラニの、棄てた肉体に刻まれた呪痕
8192	褪せ人に寄生したアスィミの抜け殻
8193	糞喰いが殺し、穢した死体に生じる呪い
8194	誰の召喚にも応じない、一羽の鷹の遺灰
8195	褪せ人に寄生したアスィミ
8196	繊細に紡がれた無垢金の針
8197	王都ローデイルの地下、下水牢の施錠された扉を開く
8198	待ち合わせの場所を示す、簡易な地図\n<?keyicon@31?>で詳細を確認できる
8199	カーリアの王女に受け継がれる、宝箱を開く鍵
8200	「帰巣」と題された絵画の記憶\n<?keyicon@31?>で詳細を確認できる
8201	「再誕」と題された絵画の記憶\n<?keyicon@31?>で詳細を確認できる
8202	「英雄の歌」と題された絵画の記憶\n<?keyicon@31?>で詳細を確認できる
8203	「魔術師」と題された絵画の記憶\n<?keyicon@31?>で詳細を確認できる
8204	「預言」と題された絵画の記憶\n<?keyicon@31?>で詳細を確認できる
8205	「飛べない鳥」と題された絵画の記憶\n<?keyicon@31?>で詳細を確認できる
8206	「赤獅子」と題された絵画の記憶\n<?keyicon@31?>で詳細を確認できる
8221	拙い文が認められた置手紙\n<?keyicon@31?>で内容を確認できる
8222	戦士の壺、アレキサンダーの遺品
8223	震える文字で綴られた手紙\n<?keyicon@31?>で内容を確認できる
8224	情報が簡潔に記された文書\n<?keyicon@31?>で内容を確認できる
8225	古ぼけた簡易な地図\n<?keyicon@31?>で詳細を確認できる
8226	情報が簡潔に記された文書
8227	古ぼけた簡易な地図
8500	アイテム製作ができるようになる
8590	武器に新しい戦技と属性を付与できるようになる
8591	
8592	
8593	
8594	
8595	
8596	
8597	
8598	
8599	
8600	リムグレイブの地、西部の地図断片
8601	啜り泣きの半島の地図断片
8602	リムグレイブの地、東部の地図断片
8603	リエーニエの地、東部の地図断片
8604	リエーニエの地、北部の地図断片
8605	リエーニエの地、西部の地図断片
8606	アルター高原の地図断片
8607	王都ローデイルの地図断片
8608	ゲルミア火山の地図断片
8609	ケイリッドの地図断片
8610	竜塚の地図断片
8611	巨人たちの山嶺、西部の地図断片
8612	巨人たちの山嶺、東部の地図断片
8613	エインセル河の地図断片
8614	腐れ湖の地図断片
8615	シーフラ河の地図断片
8616	モーグウィン王朝の地図断片
8617	深き根の底の地図断片
8618	聖別雪原の地図断片
8660	インプ像から入手した簡易な地図\n<?keyicon@31?>で詳細を確認できる
8700	情報が簡潔に記された文書\n<?keyicon@31?>で内容を確認できる
8701	情報が簡潔に記された文書\n<?keyicon@31?>で内容を確認できる
8702	情報が簡潔に記された文書\n<?keyicon@31?>で内容を確認できる
8703	情報が簡潔に記された文書\n<?keyicon@31?>で内容を確認できる
8704	情報が簡潔に記された文書\n<?keyicon@31?>で内容を確認できる
8705	情報が簡潔に記された文書\n<?keyicon@31?>で内容を確認できる
8706	情報が簡潔に記された文書\n<?keyicon@31?>で内容を確認できる
8707	情報が簡潔に記された文書\n<?keyicon@31?>で内容を確認できる
8708	情報が簡潔に記された文書\n<?keyicon@31?>で内容を確認できる
8709	情報が簡潔に記された文書\n<?keyicon@31?>で内容を確認できる
8710	情報が簡潔に記された文書\n<?keyicon@31?>で内容を確認できる
8711	情報が簡潔に記された文書\n<?keyicon@31?>で内容を確認できる
8712	情報が簡潔に記された文書\n<?keyicon@31?>で内容を確認できる
8713	情報が簡潔に記された文書\n<?keyicon@31?>で内容を確認できる
8714	情報が簡潔に記された文書\n<?keyicon@31?>で内容を確認できる
8715	情報が簡潔に記された文書\n<?keyicon@31?>で内容を確認できる
8716	情報が簡潔に記された文書\n<?keyicon@31?>で内容を確認できる
8717	情報が簡潔に記された文書\n<?keyicon@31?>で内容を確認できる
8750	情報が簡潔に記された文書
8751	情報が簡潔に記された文書
8752	情報が簡潔に記された文書
8753	情報が簡潔に記された文書
8754	情報が簡潔に記された文書
8755	情報が簡潔に記された文書
8756	情報が簡潔に記された文書
8757	情報が簡潔に記された文書
8758	情報が簡潔に記された文書
8759	情報が簡潔に記された文書
8760	情報が簡潔に記された文書
8761	情報が簡潔に記された文書
8762	情報が簡潔に記された文書
8763	情報が簡潔に記された文書
8764	
8765	情報が簡潔に記された文書
8766	
8767	情報が簡潔に記された文書
8850	魔術の師に渡すことで、魔術が学べるようになる
8851	魔術の師に渡すことで、魔術が学べるようになる
8852	
8853	
8854	
8855	祈祷の師に渡すことで、祈祷が学べるようになる
8856	祈祷の師に渡すことで、祈祷が学べるようになる
8857	祈祷の師に渡すことで、祈祷が学べるようになる
8858	祈祷の師に渡すことで、祈祷が学べるようになる
8859	祈祷の師に渡すことで、祈祷が学べるようになる
8860	祈祷の業が記された書物
8861	祈祷の業が記された書物
8862	祈祷の師に渡すことで、祈祷が学べるようになる
8863	祈祷の業が記された書物
8864	祈祷の師に渡すことで、祈祷が学べるようになる
8865	祈祷の師に渡すことで、祈祷が学べるようになる
8866	魔術の師に渡すことで、魔術が学べるようになる
8910	双子の老婆に捧げることで、その取引が拡張される
8911	双子の老婆に捧げることで、その取引が拡張される
8912	双子の老婆に捧げることで、その取引が拡張される
8913	双子の老婆に捧げることで、その取引が拡張される
8914	
8915	双子の老婆に捧げることで、その取引が拡張される
8916	双子の老婆に捧げることで、その取引が拡張される
8917	双子の老婆に捧げることで、その取引が拡張される
8918	双子の老婆に捧げることで、その取引が拡張される
8919	双子の老婆に捧げることで、その取引が拡張される
8920	双子の老婆に捧げることで、その取引が拡張される
8921	双子の老婆に捧げることで、その取引が拡張される
8922	双子の老婆に捧げることで、その取引が拡張される
8923	双子の老婆に捧げることで、その取引が拡張される
8924	双子の老婆に捧げることで、その取引が拡張される
8925	双子の老婆に捧げることで、その取引が拡張される
8926	双子の老婆に捧げることで、その取引が拡張される
8927	双子の老婆に捧げることで、その取引が拡張される
8928	双子の老婆に捧げることで、その取引が拡張される
8929	双子の老婆に捧げることで、その取引が拡張される
8930	双子の老婆に捧げることで、その取引が拡張される
8931	双子の老婆に捧げることで、その取引が拡張される
8932	双子の老婆に捧げることで、その取引が拡張される
8933	双子の老婆に捧げることで、その取引が拡張される
8934	双子の老婆に捧げることで、その取引が拡張される
8935	双子の老婆に捧げることで、その取引が拡張される
8936	双子の老婆に捧げることで、その取引が拡張される
8937	双子の老婆に捧げることで、その取引が拡張される
8938	双子の老婆に捧げることで、その取引が拡張される
8939	双子の老婆に捧げることで、その取引が拡張される
8940	双子の老婆に捧げることで、その取引が拡張される
8941	双子の老婆に捧げることで、その取引が拡張される
8942	双子の老婆に捧げることで、その取引が拡張される
8943	双子の老婆に捧げることで、その取引が拡張される
8944	双子の老婆に捧げることで、その取引が拡張される
8945	双子の老婆に捧げることで、その取引が拡張される
8946	双子の老婆に捧げることで、その取引が拡張される
8947	双子の老婆に捧げることで、その取引が拡張される
8948	双子の老婆に捧げることで、その取引が拡張される
8949	
8950	
8951	双子の老婆に捧げることで、その取引が拡張される
8952	双子の老婆に捧げることで、その取引が拡張される
8953	双子の老婆に捧げることで、その取引が拡張される
8954	双子の老婆に捧げることで、その取引が拡張される
8955	双子の老婆に捧げることで、その取引が拡張される
8956	双子の老婆に捧げることで、その取引が拡張される
8957	双子の老婆に捧げることで、その取引が拡張される
8958	双子の老婆に捧げることで、その取引が拡張される
8959	双子の老婆に捧げることで、その取引が拡張される
8960	双子の老婆に捧げることで、その取引が拡張される
8961	双子の老婆に捧げることで、その取引が拡張される
8962	双子の老婆に捧げることで、その取引が拡張される
8963	双子の老婆に捧げることで、その取引が拡張される
8964	双子の老婆に捧げることで、その取引が拡張される
8965	双子の老婆に捧げることで、その取引が拡張される
8966	
8967	
8968	
8969	
8970	属性を付与するとき、追加で選択できるようになる
8971	属性を付与するとき、追加で選択できるようになる
8972	属性を付与するとき、追加で選択できるようになる
8973	属性を付与するとき、追加で選択できるようになる
8974	属性を付与するとき、追加で選択できるようになる
8975	繊細に紡がれた無垢金の針。折れてしまっている
8976	繊細に紡がれた無垢金の針。その修復されたもの
8977	隻腕の戦乙女が用いたという黄金の義手
8978	賢者ゴーリーから渡された紙片\n<?keyicon@31?>で内容を確認できる
8979	死の根に近付くと、ぶると震えるという
8980	死衾の乙女、フィアから預かった短剣
9000	一礼
9001	丁寧な一礼
9002	畏まった一礼
9003	優雅な一礼
9004	恭しい一礼
9005	跪く一礼
9006	歓迎
9007	手をふる
9008	よっ
9009	力強い拳
9010	淑やかな一礼
9011	前を指さす
9012	上を指差す
9013	下を指差す
9014	手招き
9015	待て
9016	落ち着け
9017	頷き
9018	土下座
9019	命乞い
9020	エイエイオー
9021	オー
9022	剣に誓って
9023	お前を斬る
9024	我が内に炎あれ
9025	カーリアの誓い
9026	拍手
9027	跳ねる歓喜
9028	大歓喜
9029	喜びの舞
9030	ひらめき
9031	へたり込み
9032	パッチ座り
9033	あぐら
9034	片膝座り
9035	横座り
9036	あぐらで寝る
9037	寝る
9038	胎児寝
9039	死んだふり
9040	貴公、何用だ
9041	祈り
9042	切なる祈り
9043	深呼吸
9044	
9045	叡智
9046	外なる律
9047	内なる律
9048	黄金律全姿
9049	リングのポーズ
9050	リングのポーズ
9100	祝福についての説明\n<?keyicon@31?>で内容を確認できる
9101	魔術と祈祷についての説明\n<?keyicon@31?>で内容を確認できる
9102	弓についての説明\n<?keyicon@31?>で内容を確認できる
9103	しゃがみについての説明\n<?keyicon@31?>で内容を確認できる
9104	体勢を崩す、についての説明\n<?keyicon@31?>で内容を確認できる
9105	マリカの楔についての説明\n<?keyicon@31?>で内容を確認できる
9106	ガードカウンターについての説明\n<?keyicon@31?>で内容を確認できる
9107	地図についての説明\n<?keyicon@31?>で内容を確認できる
9108	祝福の導きについての説明\n<?keyicon@31?>で内容を確認できる
9109	騎乗についての説明\n<?keyicon@31?>で内容を確認できる
9110	死亡についての説明\n<?keyicon@31?>で内容を確認できる
9111	霊体の召喚についての説明\n<?keyicon@31?>で内容を確認できる
9112	ガードについての説明\n<?keyicon@31?>で内容を確認できる
9113	アイテム製作についての説明\n<?keyicon@31?>で内容を確認できる
9114	
9115	霊薬の聖杯瓶についての説明\n<?keyicon@31?>で内容を確認できる
9116	戦技の付与についての説明\n<?keyicon@31?>で内容を確認できる
9117	鳥の遠見についての説明\n<?keyicon@31?>で内容を確認できる
9118	霊気流ジャンプについての説明\n<?keyicon@31?>で内容を確認できる
9119	敵集団の撃破についての説明\n<?keyicon@31?>で内容を確認できる
9120	雫スカラベについての説明\n<?keyicon@31?>で内容を確認できる
9121	他プレイヤーの召喚についての説明\n<?keyicon@31?>で内容を確認できる
9122	協力マルチプレイについての説明\n<?keyicon@31?>で内容を確認できる
9123	敵対マルチプレイについての説明\n<?keyicon@31?>で内容を確認できる
9124	侵入マルチプレイについての説明\n<?keyicon@31?>で内容を確認できる
9125	狩人マルチプレイについての説明\n<?keyicon@31?>で内容を確認できる
9126	サイン溜まりについての説明\n<?keyicon@31?>で内容を確認できる
9127	碑文アイコンについての説明\n<?keyicon@31?>で内容を確認できる
9128	狩人の召喚要請についての説明\n<?keyicon@31?>で内容を確認できる
9129	戦技についての説明\n<?keyicon@31?>で内容を確認できる
9130	祝福への移動についての説明\n<?keyicon@31?>で内容を確認できる
9131	武器の強化についての説明\n<?keyicon@31?>で内容を確認できる
9132	円卓についての説明\n<?keyicon@31?>で内容を確認できる
9133	チュートリアル再読_眠りの濃霧
9134	素材アイテムについての説明\n<?keyicon@31?>で内容を確認できる
9135	容器アイテムについての説明\n<?keyicon@31?>で内容を確認できる
9136	属性の付与についての説明\n<?keyicon@31?>で内容を確認できる
9137	ポーチについての説明\n<?keyicon@31?>で内容を確認できる
9138	回避についての説明\n<?keyicon@31?>で内容を確認できる
9139	
9140	武器の持ち替えについての説明\n<?keyicon@31?>で内容を確認できる
9141	大ルーンについての説明\n<?keyicon@31?>で内容を確認できる
9142	学びの洞窟についての説明\n<?keyicon@31?>で内容を確認できる
9143	
9144	
9145	
9146	
9147	
9148	
9149	
9150	決闘についての説明\n<?keyicon@31?>で内容を確認できる
9151	共闘／乱闘についての説明\n<?keyicon@31?>で内容を確認できる
9152	遺灰有りの闘技についての説明\n<?keyicon@31?>で内容を確認できる
9153	円卓のマリカ像についての説明\n<?keyicon@31?>で内容を確認できる
9195	マルチプレイについての説明\n<?keyicon@31?>で内容を確認できる
9196	
9197	
9198	
9199	
9200	白金の軟泥の痕跡を、何者かに伝える文書
9201	白金の軟泥の痕跡を、何者かに伝える文書
9202	川上のメモ\n※情報の内容については、現在検討中
9203	橋脚のメモ\n※情報の内容については、現在検討中
9204	橋上のメモ\n※情報の内容については、現在検討中
9205	傭兵剣士の使い鳩で\n仇の名が記された手紙
9206	鳩文書7
9207	鳩文書8
9208	鳩文書9
9209	鳩文書10
9300	製作可能なアイテムが増える
9301	製作可能なアイテムが増える
9302	製作可能なアイテムが増える
9303	製作可能なアイテムが増える
9304	逃亡戦士の製法書。製作できるアイテムが増える
9305	製作可能なアイテムが増える
9306	製作可能なアイテムが増える
9307	製作可能なアイテムが増える
9308	製作可能なアイテムが増える
9309	製作可能なアイテムが増える
9310	製作可能なアイテムが増える
9311	製作可能なアイテムが増える
9312	製作可能なアイテムが増える
9313	製作可能なアイテムが増える
9314	
9315	
9316	
9317	
9318	
9319	
9320	製作可能なアイテムが増える
9321	製作可能なアイテムが増える
9322	製作可能なアイテムが増える
9323	製作可能なアイテムが増える
9324	製作可能なアイテムが増える
9325	製作可能なアイテムが増える
9326	製作可能なアイテムが増える
9327	製作可能なアイテムが増える
9328	製作可能なアイテムが増える
9329	製作可能なアイテムが増える
9330	製作可能なアイテムが増える
9331	製作可能なアイテムが増える
9332	
9333	
9334	
9335	
9336	
9337	
9338	
9339	
9340	製作可能なアイテムが増える
9341	製作可能なアイテムが増える
9342	製作可能なアイテムが増える
9343	製作可能なアイテムが増える
9344	製作可能なアイテムが増える
9345	製作可能なアイテムが増える
9346	製作可能なアイテムが増える
9347	製作可能なアイテムが増える
9348	製作可能なアイテムが増える
9360	製作可能なアイテムが増える
9361	製作可能なアイテムが増える
9362	製作可能なアイテムが増える
9363	製作可能なアイテムが増える
9364	製作可能なアイテムが増える
9365	製作可能なアイテムが増える
9380	製作可能なアイテムが増える
9381	製作可能なアイテムが増える
9382	製作可能なアイテムが増える
9383	製作可能なアイテムが増える
9384	製作可能なアイテムが増える
9385	製作可能なアイテムが増える
9386	製作可能なアイテムが増える
9387	製作可能なアイテムが増える
9388	製作可能なアイテムが増える
9389	製作可能なアイテムが増える
9390	製作可能なアイテムが増える
9391	製作可能なアイテムが増える
9392	製作可能なアイテムが増える
9393	製作可能なアイテムが増える
9394	
9395	
9396	
9397	
9398	
9399	
9400	製作可能なアイテムが増える
9401	製作可能なアイテムが増える
9402	製作可能なアイテムが増える
9403	製作可能なアイテムが増える
9420	製作可能なアイテムが増える
9421	製作可能なアイテムが増える
9422	製作可能なアイテムが増える
9423	製作可能なアイテムが増える
9440	製作可能なアイテムが増える
9441	製作可能なアイテムが増える
9500	ヒビ壺アイテムの製作に必要となる容器
9501	儀式壺アイテムの製作に必要となる容器
9502	
9503	
9504	
9505	
9506	
9507	
9508	
9509	
9510	調香アイテムの製作に必要となる容器
10000	薄汚れたガラスの破片。ゴミクズ
10001	
10002	
10003	
10004	
10005	
10006	
10007	
10008	
10009	
10010	聖杯瓶の使用回数を増やす
10011	
10012	
10013	
10014	
10015	
10016	
10017	
10018	
10019	
10020	聖杯瓶の回復量を高める
10021	
10022	
10023	
10024	
10025	
10026	
10027	
10028	
10029	
10030	記憶スロットを増やす
10031	
10032	
10033	
10034	
10035	
10036	
10037	
10038	
10039	
10040	タリスマンの装備数を増やす
10060	竜餐の祭壇で、竜の力を我がものとする
10061	
10062	
10063	
10064	
10065	
10066	
10067	
10068	
10069	
10070	あらゆる戦灰の複製となる
10071	
10072	
10073	
10074	
10075	
10076	
10077	
10078	
10079	
10080	「産まれ直し」を完全なものにする
10100	武器を＋３まで強化できる
10101	武器を＋６まで強化できる
10102	武器を＋９まで強化できる
10103	武器を＋１２まで強化できる
10104	武器を＋１５まで強化できる
10105	武器を＋１８まで強化できる
10106	武器を＋２１まで強化できる
10107	武器を＋２４まで強化できる
10140	武器を＋２５に強化できる
10160	特殊な武器を＋１に強化できる
10161	特殊な武器を＋２に強化できる
10162	特殊な武器を＋３に強化できる
10163	特殊な武器を＋４に強化できる
10164	特殊な武器を＋５に強化できる
10165	特殊な武器を＋６に強化できる
10166	特殊な武器を＋７に強化できる
10167	特殊な武器を＋８に強化できる
10168	特殊な武器を＋１０に強化できる
10200	特殊な武器を＋９に強化できる
10900	遺灰を＋１に強化できる
10901	遺灰を＋２に強化できる
10902	遺灰を＋３に強化できる
10903	遺灰を＋４に強化できる
10904	遺灰を＋５に強化できる
10905	遺灰を＋６に強化できる
10906	遺灰を＋７に強化できる
10907	遺灰を＋８に強化できる
10908	遺灰を＋９に強化できる
10909	遺灰を＋１０に強化できる
10910	名前付きの遺灰を＋１に強化できる
10911	名前付きの遺灰を＋２に強化できる
10912	名前付きの遺灰を＋３に強化できる
10913	名前付きの遺灰を＋４に強化できる
10914	名前付きの遺灰を＋５に強化できる
10915	名前付きの遺灰を＋６に強化できる
10916	名前付きの遺灰を＋７に強化できる
10917	名前付きの遺灰を＋８に強化できる
10918	名前付きの遺灰を＋９に強化できる
10919	名前付きの遺灰を＋１０に強化できる
11000	霊薬に配合し、一時的にＨＰの最大値を高める
11001	霊薬に配合し、一時的にスタミナの最大値を高める
11002	霊薬に配合し、最大ＨＰの半分を回復する
11003	霊薬に配合し、最大ＨＰの半分を回復する
11004	霊薬に配合し、最大ＦＰの半分を回復する
11005	霊薬に配合し、最大ＦＰの半分を回復する
11006	霊薬に配合し、耐性を高め、状態異常を回復する
11007	霊薬に配合し、瀕死の時、自動的にＨＰを回復する
11008	霊薬に配合し、ダメージの大半をカットする
11009	霊薬に配合し、一定時間ＨＰを少しずつ回復する
11010	霊薬に配合し、一時的にスタミナ回復速度を高める
11011	霊薬に配合し、一時的にすべてのカット率を高める
11012	霊薬に配合し、一時的に装備重量が軽量となる
11013	霊薬に配合し、攻撃が連続するほど攻撃力が高まる
11014	霊薬に配合し、一定時間タメ攻撃を強化する
11015	霊薬に配合し、一定時間ローリングの回避を強化する
11016	霊薬に配合し、自分自身が爆発する
11017	霊薬に配合し、自分自身が爆発する
11018	霊薬に配合し、一時的に強靭度を高める
11019	霊薬に配合し、死亡時にルーンを落とさなくなる
11020	霊薬に配合し、受けたダメージをＨＰ回復に変換する
11021	霊薬に配合し、一時的に筋力を高める
11022	霊薬に配合し、一時的に技量を高める
11023	霊薬に配合し、一時的に知力を高める
11024	霊薬に配合し、一時的に信仰を高める
11025	霊薬に配合し、すべてのＦＰ消費がゼロになる
11026	霊薬に配合し、攻撃で敵の体勢を崩す力を高める
11027	霊薬に配合し、血の君主の数え上げる呪いを浄化する
11028	霊薬に配合し、一時的に炎攻撃力を高める
11029	霊薬に配合し、一時的に魔力攻撃力を高める
11030	霊薬に配合し、一時的に雷攻撃力を高める
11031	霊薬に配合し、一時的に聖攻撃力を高める
15000	アイテム製作に用いる素材のひとつ
15001	
15002	
15003	
15004	
15005	
15006	
15007	
15008	
15009	
15010	アイテム製作に用いる素材のひとつ
15011	
15012	
15013	
15014	
15015	
15016	
15017	
15018	
15019	
15020	アイテム製作に用いる素材のひとつ
15021	
15022	
15023	
15024	
15025	
15026	
15027	
15028	
15029	
15030	アイテム製作に用いる素材のひとつ
15031	
15032	
15033	
15034	
15035	
15036	
15037	
15038	
15039	
15040	アイテム製作に用いる素材のひとつ
15041	
15042	
15043	
15044	
15045	
15046	
15047	
15048	
15049	
15050	アイテム製作に用いる素材のひとつ
15051	
15052	
15053	
15054	
15055	
15056	
15057	
15058	
15059	
15060	アイテム製作に用いる素材のひとつ
15061	
15062	
15063	
15064	
15065	
15066	
15067	
15068	
15069	
15070	アイテム製作に用いる素材のひとつ
15071	
15072	
15073	
15074	
15075	
15076	
15077	
15078	
15079	
15080	アイテム製作に用いる素材のひとつ
15081	
15082	
15083	
15084	
15085	
15086	
15087	
15088	
15089	
15090	アイテム製作に用いる素材のひとつ
15091	
15092	
15093	
15094	
15095	
15096	
15097	
15098	
15099	
15100	アイテム製作に用いる素材のひとつ
15101	
15102	
15103	
15104	
15105	
15106	
15107	
15108	
15109	
15110	アイテム製作に用いる素材のひとつ
15111	
15112	
15113	
15114	
15115	
15116	
15117	
15118	
15119	
15120	アイテム製作に用いる素材のひとつ
15121	
15122	
15123	
15124	
15125	
15126	
15127	
15128	
15129	
15130	アイテム製作に用いる素材のひとつ
15131	
15132	
15133	
15134	
15135	
15136	
15137	
15138	
15139	
15140	アイテム製作に用いる素材のひとつ
15141	
15142	
15143	
15144	
15145	
15146	
15147	
15148	
15149	
15150	アイテム製作に用いる素材のひとつ
15151	
15152	
15153	
15154	
15155	
15156	
15157	
15158	
15159	
15160	アイテム製作に用いる素材のひとつ
15310	アイテム製作に用いる素材のひとつ
15340	アイテム製作に用いる素材のひとつ
15341	アイテム製作に用いる素材のひとつ
15390	アイテム製作に用いる素材のひとつ
15391	
15392	
15393	
15394	
15395	
15396	
15397	
15398	
15399	
15400	アイテム製作に用いる素材のひとつ
15401	
15402	
15403	
15404	
15405	
15406	
15407	
15408	
15409	
15410	アイテム製作に用いる素材のひとつ
15411	
15412	
15413	
15414	
15415	
15416	
15417	
15418	
15419	
15420	アイテム製作に用いる素材のひとつ
15421	
15422	
15423	
15424	
15425	
15426	
15427	
15428	
15429	
15430	アイテム製作に用いる素材のひとつ
20650	アイテム製作に用いる素材のひとつ
20651	アイテム製作に用いる素材のひとつ
20652	アイテム製作に用いる素材のひとつ
20653	アイテム製作に用いる素材のひとつ
20654	アイテム製作に用いる素材のひとつ
20655	
20656	
20657	
20658	
20659	
20660	アイテム製作に用いる素材のひとつ
20680	アイテム製作に用いる素材のひとつ
20681	アイテム製作に用いる素材のひとつ
20682	アイテム製作に用いる素材のひとつ
20683	アイテム製作に用いる素材のひとつ
20684	
20685	アイテム製作に用いる素材のひとつ
20686	
20687	
20688	
20689	
20690	アイテム製作に用いる素材のひとつ
20691	アイテム製作に用いる素材のひとつ
20710	アイテム製作に用いる素材のひとつ
20711	
20712	
20713	
20714	
20715	
20716	
20717	
20718	
20719	
20720	アイテム製作に用いる素材のひとつ
20721	アイテム製作に用いる素材のひとつ
20722	アイテム製作に用いる素材のひとつ
20723	アイテム製作に用いる素材のひとつ
20740	アイテム製作に用いる素材のひとつ
20741	
20742	
20743	
20744	
20745	
20746	
20747	
20748	
20749	
20750	アイテム製作に用いる素材のひとつ
20751	アイテム製作に用いる素材のひとつ
20752	
20753	アイテム製作に用いる素材のひとつ
20754	
20755	
20756	
20757	
20758	
20759	
20760	アイテム製作に用いる素材のひとつ
20761	アイテム製作に用いる素材のひとつ
20762	
20763	
20764	
20765	
20766	
20767	
20768	
20769	
20770	アイテム製作に用いる素材のひとつ
20771	
20772	
20773	
20774	
20775	アイテム製作に用いる素材のひとつ
20776	
20777	
20778	
20779	
20780	アイテム製作に用いる素材のひとつ
20795	アイテム製作に用いる素材のひとつ
20796	
20797	
20798	
20799	
20800	アイテム製作に用いる素材のひとつ
20801	アイテム製作に用いる素材のひとつ
20802	アイテム製作に用いる素材のひとつ
20803	
20804	
20805	
20806	
20807	
20808	
20809	
20810	アイテム製作に用いる素材のひとつ
20811	アイテム製作に用いる素材のひとつ
20812	アイテム製作に用いる素材のひとつ
20813	
20814	
20815	
20816	
20817	
20818	
20819	
20820	アイテム製作に用いる素材のひとつ
20821	
20822	
20823	
20824	
20825	アイテム製作に用いる素材のひとつ
20826	
20827	
20828	
20829	
20830	アイテム製作に用いる素材のひとつ
20831	アイテム製作に用いる素材のひとつ
20832	
20833	
20834	
20835	
20836	
20837	
20838	
20839	
20840	アイテム製作に用いる素材のひとつ
20841	アイテム製作に用いる素材のひとつ
20842	アイテム製作に用いる素材のひとつ
20843	
20844	
20845	アイテム製作に用いる素材のひとつ
20846	
20847	
20848	
20849	
20850	アイテム製作に用いる素材のひとつ
20851	
20852	アイテム製作に用いる素材のひとつ
20853	
20854	
20855	アイテム製作に用いる素材のひとつ
200000	黒き刃、ティシーの霊体を召喚する
200001	黒き刃、ティシーの霊体を召喚する
200002	黒き刃、ティシーの霊体を召喚する
200003	黒き刃、ティシーの霊体を召喚する
200004	黒き刃、ティシーの霊体を召喚する
200005	黒き刃、ティシーの霊体を召喚する
200006	黒き刃、ティシーの霊体を召喚する
200007	黒き刃、ティシーの霊体を召喚する
200008	黒き刃、ティシーの霊体を召喚する
200009	黒き刃、ティシーの霊体を召喚する
200010	黒き刃、ティシーの霊体を召喚する
201000	失地騎士、オレグの霊体を召喚する
201001	失地騎士、オレグの霊体を召喚する
201002	失地騎士、オレグの霊体を召喚する
201003	失地騎士、オレグの霊体を召喚する
201004	失地騎士、オレグの霊体を召喚する
201005	失地騎士、オレグの霊体を召喚する
201006	失地騎士、オレグの霊体を召喚する
201007	失地騎士、オレグの霊体を召喚する
201008	失地騎士、オレグの霊体を召喚する
201009	失地騎士、オレグの霊体を召喚する
201010	失地騎士、オレグの霊体を召喚する
202000	失地騎士、イングヴァルの霊体を召喚する
202001	失地騎士、イングヴァルの霊体を召喚する
202002	失地騎士、イングヴァルの霊体を召喚する
202003	失地騎士、イングヴァルの霊体を召喚する
202004	失地騎士、イングヴァルの霊体を召喚する
202005	失地騎士、イングヴァルの霊体を召喚する
202006	失地騎士、イングヴァルの霊体を召喚する
202007	失地騎士、イングヴァルの霊体を召喚する
202008	失地騎士、イングヴァルの霊体を召喚する
202009	失地騎士、イングヴァルの霊体を召喚する
202010	失地騎士、イングヴァルの霊体を召喚する
203000	牙鬼インプの霊体を２体召喚する
203001	牙鬼インプの霊体を２体召喚する
203002	牙鬼インプの霊体を２体召喚する
203003	牙鬼インプの霊体を２体召喚する
203004	牙鬼インプの霊体を２体召喚する
203005	牙鬼インプの霊体を２体召喚する
203006	牙鬼インプの霊体を２体召喚する
203007	牙鬼インプの霊体を２体召喚する
203008	牙鬼インプの霊体を２体召喚する
203009	牙鬼インプの霊体を２体召喚する
203010	牙鬼インプの霊体を２体召喚する
204000	しろがねのラティナの霊体を召喚する
204001	しろがねのラティナの霊体を召喚する
204002	しろがねのラティナの霊体を召喚する
204003	しろがねのラティナの霊体を召喚する
204004	しろがねのラティナの霊体を召喚する
204005	しろがねのラティナの霊体を召喚する
204006	しろがねのラティナの霊体を召喚する
204007	しろがねのラティナの霊体を召喚する
204008	しろがねのラティナの霊体を召喚する
204009	しろがねのラティナの霊体を召喚する
204010	しろがねのラティナの霊体を召喚する
205000	放浪の民の霊体を召喚する
205001	放浪の民の霊体を召喚する
205002	放浪の民の霊体を召喚する
205003	放浪の民の霊体を召喚する
205004	放浪の民の霊体を召喚する
205005	放浪の民の霊体を召喚する
205006	放浪の民の霊体を召喚する
205007	放浪の民の霊体を召喚する
205008	放浪の民の霊体を召喚する
205009	放浪の民の霊体を召喚する
205010	放浪の民の霊体を召喚する
206000	夜巫女と剣士の霊体を召喚する
206001	夜巫女と剣士の霊体を召喚する
206002	夜巫女と剣士の霊体を召喚する
206003	夜巫女と剣士の霊体を召喚する
206004	夜巫女と剣士の霊体を召喚する
206005	夜巫女と剣士の霊体を召喚する
206006	夜巫女と剣士の霊体を召喚する
206007	夜巫女と剣士の霊体を召喚する
206008	夜巫女と剣士の霊体を召喚する
206009	夜巫女と剣士の霊体を召喚する
206010	夜巫女と剣士の霊体を召喚する
207000	写し身の雫の霊体を召喚する
207001	写し身の雫の霊体を召喚する
207002	写し身の雫の霊体を召喚する
207003	写し身の雫の霊体を召喚する
207004	写し身の雫の霊体を召喚する
207005	写し身の雫の霊体を召喚する
207006	写し身の雫の霊体を召喚する
207007	写し身の雫の霊体を召喚する
207008	写し身の雫の霊体を召喚する
207009	写し身の雫の霊体を召喚する
207010	写し身の雫の霊体を召喚する
208000	結晶人の霊体を召喚する
208001	結晶人の霊体を召喚する
208002	結晶人の霊体を召喚する
208003	結晶人の霊体を召喚する
208004	結晶人の霊体を召喚する
208005	結晶人の霊体を召喚する
208006	結晶人の霊体を召喚する
208007	結晶人の霊体を召喚する
208008	結晶人の霊体を召喚する
208009	結晶人の霊体を召喚する
208010	結晶人の霊体を召喚する
209000	祖霊の民の霊体を召喚する
209001	祖霊の民の霊体を召喚する
209002	祖霊の民の霊体を召喚する
209003	祖霊の民の霊体を召喚する
209004	祖霊の民の霊体を召喚する
209005	祖霊の民の霊体を召喚する
209006	祖霊の民の霊体を召喚する
209007	祖霊の民の霊体を召喚する
209008	祖霊の民の霊体を召喚する
209009	祖霊の民の霊体を召喚する
209010	祖霊の民の霊体を召喚する
210000	翼の混種の霊体を召喚する
210001	翼の混種の霊体を召喚する
210002	翼の混種の霊体を召喚する
210003	翼の混種の霊体を召喚する
210004	翼の混種の霊体を召喚する
210005	翼の混種の霊体を召喚する
210006	翼の混種の霊体を召喚する
210007	翼の混種の霊体を召喚する
210008	翼の混種の霊体を召喚する
210009	翼の混種の霊体を召喚する
210010	翼の混種の霊体を召喚する
211000	しろがね人の霊体を２体召喚する
211001	しろがね人の霊体を２体召喚する
211002	しろがね人の霊体を２体召喚する
211003	しろがね人の霊体を２体召喚する
211004	しろがね人の霊体を２体召喚する
211005	しろがね人の霊体を２体召喚する
211006	しろがね人の霊体を２体召喚する
211007	しろがね人の霊体を２体召喚する
211008	しろがね人の霊体を２体召喚する
211009	しろがね人の霊体を２体召喚する
211010	しろがね人の霊体を２体召喚する
212000	民兵スケルトンの霊体を２体召喚する
212001	民兵スケルトンの霊体を２体召喚する
212002	民兵スケルトンの霊体を２体召喚する
212003	民兵スケルトンの霊体を２体召喚する
212004	民兵スケルトンの霊体を２体召喚する
212005	民兵スケルトンの霊体を２体召喚する
212006	民兵スケルトンの霊体を２体召喚する
212007	民兵スケルトンの霊体を２体召喚する
212008	民兵スケルトンの霊体を２体召喚する
212009	民兵スケルトンの霊体を２体召喚する
212010	民兵スケルトンの霊体を２体召喚する
213000	山賊スケルトンの霊体を召喚する
213001	山賊スケルトンの霊体を召喚する
213002	山賊スケルトンの霊体を召喚する
213003	山賊スケルトンの霊体を召喚する
213004	山賊スケルトンの霊体を召喚する
213005	山賊スケルトンの霊体を召喚する
213006	山賊スケルトンの霊体を召喚する
213007	山賊スケルトンの霊体を召喚する
213008	山賊スケルトンの霊体を召喚する
213009	山賊スケルトンの霊体を召喚する
213010	山賊スケルトンの霊体を召喚する
214000	神託の使者の霊体を４体召喚する
214001	神託の使者の霊体を４体召喚する
214002	神託の使者の霊体を４体召喚する
214003	神託の使者の霊体を４体召喚する
214004	神託の使者の霊体を４体召喚する
214005	神託の使者の霊体を４体召喚する
214006	神託の使者の霊体を４体召喚する
214007	神託の使者の霊体を４体召喚する
214008	神託の使者の霊体を４体召喚する
214009	神託の使者の霊体を４体召喚する
214010	神託の使者の霊体を４体召喚する
215000	腐った亡者の霊体を４体召喚する
215001	腐った亡者の霊体を４体召喚する
215002	腐った亡者の霊体を４体召喚する
215003	腐った亡者の霊体を４体召喚する
215004	腐った亡者の霊体を４体召喚する
215005	腐った亡者の霊体を４体召喚する
215006	腐った亡者の霊体を４体召喚する
215007	腐った亡者の霊体を４体召喚する
215008	腐った亡者の霊体を４体召喚する
215009	腐った亡者の霊体を４体召喚する
215010	腐った亡者の霊体を４体召喚する
216000	堕落調香師、カルマーンの霊体を召喚する
216001	堕落調香師、カルマーンの霊体を召喚する
216002	堕落調香師、カルマーンの霊体を召喚する
216003	堕落調香師、カルマーンの霊体を召喚する
216004	堕落調香師、カルマーンの霊体を召喚する
216005	堕落調香師、カルマーンの霊体を召喚する
216006	堕落調香師、カルマーンの霊体を召喚する
216007	堕落調香師、カルマーンの霊体を召喚する
216008	堕落調香師、カルマーンの霊体を召喚する
216009	堕落調香師、カルマーンの霊体を召喚する
216010	堕落調香師、カルマーンの霊体を召喚する
217000	調香師、トリシャの霊体を召喚する
217001	調香師、トリシャの霊体を召喚する
217002	調香師、トリシャの霊体を召喚する
217003	調香師、トリシャの霊体を召喚する
217004	調香師、トリシャの霊体を召喚する
217005	調香師、トリシャの霊体を召喚する
217006	調香師、トリシャの霊体を召喚する
217007	調香師、トリシャの霊体を召喚する
217008	調香師、トリシャの霊体を召喚する
217009	調香師、トリシャの霊体を召喚する
217010	調香師、トリシャの霊体を召喚する
218000	輝石魔術師の霊体を召喚する
218001	輝石魔術師の霊体を召喚する
218002	輝石魔術師の霊体を召喚する
218003	輝石魔術師の霊体を召喚する
218004	輝石魔術師の霊体を召喚する
218005	輝石魔術師の霊体を召喚する
218006	輝石魔術師の霊体を召喚する
218007	輝石魔術師の霊体を召喚する
218008	輝石魔術師の霊体を召喚する
218009	輝石魔術師の霊体を召喚する
218010	輝石魔術師の霊体を召喚する
219000	双賢魔術師の霊体を召喚する
219001	双賢魔術師の霊体を召喚する
219002	双賢魔術師の霊体を召喚する
219003	双賢魔術師の霊体を召喚する
219004	双賢魔術師の霊体を召喚する
219005	双賢魔術師の霊体を召喚する
219006	双賢魔術師の霊体を召喚する
219007	双賢魔術師の霊体を召喚する
219008	双賢魔術師の霊体を召喚する
219009	双賢魔術師の霊体を召喚する
219010	双賢魔術師の霊体を召喚する
220000	小姓の霊体を召喚する
220001	小姓の霊体を召喚する
220002	小姓の霊体を召喚する
220003	小姓の霊体を召喚する
220004	小姓の霊体を召喚する
220005	小姓の霊体を召喚する
220006	小姓の霊体を召喚する
220007	小姓の霊体を召喚する
220008	小姓の霊体を召喚する
220009	小姓の霊体を召喚する
220010	小姓の霊体を召喚する
221000	戦魔術師、ユーグの霊体を召喚する
221001	戦魔術師、ユーグの霊体を召喚する
221002	戦魔術師、ユーグの霊体を召喚する
221003	戦魔術師、ユーグの霊体を召喚する
221004	戦魔術師、ユーグの霊体を召喚する
221005	戦魔術師、ユーグの霊体を召喚する
221006	戦魔術師、ユーグの霊体を召喚する
221007	戦魔術師、ユーグの霊体を召喚する
221008	戦魔術師、ユーグの霊体を召喚する
221009	戦魔術師、ユーグの霊体を召喚する
221010	戦魔術師、ユーグの霊体を召喚する
222000	泥人の霊体を２体召喚する
222001	泥人の霊体を２体召喚する
222002	泥人の霊体を２体召喚する
222003	泥人の霊体を２体召喚する
222004	泥人の霊体を２体召喚する
222005	泥人の霊体を２体召喚する
222006	泥人の霊体を２体召喚する
222007	泥人の霊体を２体召喚する
222008	泥人の霊体を２体召喚する
222009	泥人の霊体を２体召喚する
222010	泥人の霊体を２体召喚する
223000	貴腐の騎士、フィンレイの霊体を召喚する
223001	貴腐の騎士、フィンレイの霊体を召喚する
223002	貴腐の騎士、フィンレイの霊体を召喚する
223003	貴腐の騎士、フィンレイの霊体を召喚する
223004	貴腐の騎士、フィンレイの霊体を召喚する
223005	貴腐の騎士、フィンレイの霊体を召喚する
223006	貴腐の騎士、フィンレイの霊体を召喚する
223007	貴腐の騎士、フィンレイの霊体を召喚する
223008	貴腐の騎士、フィンレイの霊体を召喚する
223009	貴腐の騎士、フィンレイの霊体を召喚する
223010	貴腐の騎士、フィンレイの霊体を召喚する
224000	腐敗の眷属の霊体を召喚する
224001	腐敗の眷属の霊体を召喚する
224002	腐敗の眷属の霊体を召喚する
224003	腐敗の眷属の霊体を召喚する
224004	腐敗の眷属の霊体を召喚する
224005	腐敗の眷属の霊体を召喚する
224006	腐敗の眷属の霊体を召喚する
224007	腐敗の眷属の霊体を召喚する
224008	腐敗の眷属の霊体を召喚する
224009	腐敗の眷属の霊体を召喚する
224010	腐敗の眷属の霊体を召喚する
225000	人形兵の霊体を２体召喚する
225001	人形兵の霊体を２体召喚する
225002	人形兵の霊体を２体召喚する
225003	人形兵の霊体を２体召喚する
225004	人形兵の霊体を２体召喚する
225005	人形兵の霊体を２体召喚する
225006	人形兵の霊体を２体召喚する
225007	人形兵の霊体を２体召喚する
225008	人形兵の霊体を２体召喚する
225009	人形兵の霊体を２体召喚する
225010	人形兵の霊体を２体召喚する
226000	鳥人形兵の霊体を２体召喚する
226001	鳥人形兵の霊体を２体召喚する
226002	鳥人形兵の霊体を２体召喚する
226003	鳥人形兵の霊体を２体召喚する
226004	鳥人形兵の霊体を２体召喚する
226005	鳥人形兵の霊体を２体召喚する
226006	鳥人形兵の霊体を２体召喚する
226007	鳥人形兵の霊体を２体召喚する
226008	鳥人形兵の霊体を２体召喚する
226009	鳥人形兵の霊体を２体召喚する
226010	鳥人形兵の霊体を２体召喚する
227000	火の僧兵の霊体を召喚する
227001	火の僧兵の霊体を召喚する
227002	火の僧兵の霊体を召喚する
227003	火の僧兵の霊体を召喚する
227004	火の僧兵の霊体を召喚する
227005	火の僧兵の霊体を召喚する
227006	火の僧兵の霊体を召喚する
227007	火の僧兵の霊体を召喚する
227008	火の僧兵の霊体を召喚する
227009	火の僧兵の霊体を召喚する
227010	火の僧兵の霊体を召喚する
228000	黒炎僧兵、アモンの霊体を召喚する
228001	黒炎僧兵、アモンの霊体を召喚する
228002	黒炎僧兵、アモンの霊体を召喚する
228003	黒炎僧兵、アモンの霊体を召喚する
228004	黒炎僧兵、アモンの霊体を召喚する
228005	黒炎僧兵、アモンの霊体を召喚する
228006	黒炎僧兵、アモンの霊体を召喚する
228007	黒炎僧兵、アモンの霊体を召喚する
228008	黒炎僧兵、アモンの霊体を召喚する
228009	黒炎僧兵、アモンの霊体を召喚する
228010	黒炎僧兵、アモンの霊体を召喚する
229000	蛇人の霊体を召喚する
229001	蛇人の霊体を召喚する
229002	蛇人の霊体を召喚する
229003	蛇人の霊体を召喚する
229004	蛇人の霊体を召喚する
229005	蛇人の霊体を召喚する
229006	蛇人の霊体を召喚する
229007	蛇人の霊体を召喚する
229008	蛇人の霊体を召喚する
229009	蛇人の霊体を召喚する
229010	蛇人の霊体を召喚する
230000	アズラの獣人の霊体を２体召喚する
230001	アズラの獣人の霊体を２体召喚する
230002	アズラの獣人の霊体を２体召喚する
230003	アズラの獣人の霊体を２体召喚する
230004	アズラの獣人の霊体を２体召喚する
230005	アズラの獣人の霊体を２体召喚する
230006	アズラの獣人の霊体を２体召喚する
230007	アズラの獣人の霊体を２体召喚する
230008	アズラの獣人の霊体を２体召喚する
230009	アズラの獣人の霊体を２体召喚する
230010	アズラの獣人の霊体を２体召喚する
231000	カイデン傭兵の霊体を召喚する
231001	カイデン傭兵の霊体を召喚する
231002	カイデン傭兵の霊体を召喚する
231003	カイデン傭兵の霊体を召喚する
231004	カイデン傭兵の霊体を召喚する
231005	カイデン傭兵の霊体を召喚する
231006	カイデン傭兵の霊体を召喚する
231007	カイデン傭兵の霊体を召喚する
231008	カイデン傭兵の霊体を召喚する
231009	カイデン傭兵の霊体を召喚する
231010	カイデン傭兵の霊体を召喚する
232000	はぐれ狼の霊体を３匹召喚する
232001	はぐれ狼の霊体を３匹召喚する
232002	はぐれ狼の霊体を３匹召喚する
232003	はぐれ狼の霊体を３匹召喚する
232004	はぐれ狼の霊体を３匹召喚する
232005	はぐれ狼の霊体を３匹召喚する
232006	はぐれ狼の霊体を３匹召喚する
232007	はぐれ狼の霊体を３匹召喚する
232008	はぐれ狼の霊体を３匹召喚する
232009	はぐれ狼の霊体を３匹召喚する
232010	はぐれ狼の霊体を３匹召喚する
233000	大ネズミの霊体を３体召喚する
233001	大ネズミの霊体を３体召喚する
233002	大ネズミの霊体を３体召喚する
233003	大ネズミの霊体を３体召喚する
233004	大ネズミの霊体を３体召喚する
233005	大ネズミの霊体を４体召喚する
233006	大ネズミの霊体を４体召喚する
233007	大ネズミの霊体を４体召喚する
233008	大ネズミの霊体を４体召喚する
233009	大ネズミの霊体を４体召喚する
233010	大ネズミの霊体を５体召喚する
234000	亜人の霊体を５体召喚する
234001	亜人の霊体を５体召喚する
234002	亜人の霊体を５体召喚する
234003	亜人の霊体を５体召喚する
234004	亜人の霊体を５体召喚する
234005	亜人の霊体を５体召喚する
234006	亜人の霊体を５体召喚する
234007	亜人の霊体を５体召喚する
234008	亜人の霊体を５体召喚する
234009	亜人の霊体を５体召喚する
234010	亜人の霊体を５体召喚する
235000	腐った野犬の霊体を召喚する
235001	腐った野犬の霊体を召喚する
235002	腐った野犬の霊体を召喚する
235003	腐った野犬の霊体を召喚する
235004	腐った野犬の霊体を召喚する
235005	腐った野犬の霊体を召喚する
235006	腐った野犬の霊体を召喚する
235007	腐った野犬の霊体を召喚する
235008	腐った野犬の霊体を召喚する
235009	腐った野犬の霊体を召喚する
235010	腐った野犬の霊体を召喚する
236000	霊クラゲの霊体を召喚する
236001	霊クラゲの霊体を召喚する
236002	霊クラゲの霊体を召喚する
236003	霊クラゲの霊体を召喚する
236004	霊クラゲの霊体を召喚する
236005	霊クラゲの霊体を召喚する
236006	霊クラゲの霊体を召喚する
236007	霊クラゲの霊体を召喚する
236008	霊クラゲの霊体を召喚する
236009	霊クラゲの霊体を召喚する
236010	霊クラゲの霊体を召喚する
237000	戦鷹の霊体を召喚する
237001	戦鷹の霊体を召喚する
237002	戦鷹の霊体を召喚する
237003	戦鷹の霊体を召喚する
237004	戦鷹の霊体を召喚する
237005	戦鷹の霊体を召喚する
237006	戦鷹の霊体を召喚する
237007	戦鷹の霊体を召喚する
237008	戦鷹の霊体を召喚する
237009	戦鷹の霊体を召喚する
237010	戦鷹の霊体を召喚する
238000	嵐の鷹、ディーネの霊体を召喚する
238001	嵐の鷹、ディーネの霊体を召喚する
238002	嵐の鷹、ディーネの霊体を召喚する
238003	嵐の鷹、ディーネの霊体を召喚する
238004	嵐の鷹、ディーネの霊体を召喚する
238005	嵐の鷹、ディーネの霊体を召喚する
238006	嵐の鷹、ディーネの霊体を召喚する
238007	嵐の鷹、ディーネの霊体を召喚する
238008	嵐の鷹、ディーネの霊体を召喚する
238009	嵐の鷹、ディーネの霊体を召喚する
238010	嵐の鷹、ディーネの霊体を召喚する
239000	猟犬騎士、フローの霊体を召喚する
239001	猟犬騎士、フローの霊体を召喚する
239002	猟犬騎士、フローの霊体を召喚する
239003	猟犬騎士、フローの霊体を召喚する
239004	猟犬騎士、フローの霊体を召喚する
239005	猟犬騎士、フローの霊体を召喚する
239006	猟犬騎士、フローの霊体を召喚する
239007	猟犬騎士、フローの霊体を召喚する
239008	猟犬騎士、フローの霊体を召喚する
239009	猟犬騎士、フローの霊体を召喚する
239010	猟犬騎士、フローの霊体を召喚する
240000	さまよえる貴人の霊体を５体召喚する
240001	さまよえる貴人の霊体を５体召喚する
240002	さまよえる貴人の霊体を５体召喚する
240003	さまよえる貴人の霊体を５体召喚する
240004	さまよえる貴人の霊体を５体召喚する
240005	さまよえる貴人の霊体を５体召喚する
240006	さまよえる貴人の霊体を５体召喚する
240007	さまよえる貴人の霊体を５体召喚する
240008	さまよえる貴人の霊体を５体召喚する
240009	さまよえる貴人の霊体を５体召喚する
240010	さまよえる貴人の霊体を５体召喚する
241000	貴人の魔術師の霊体を召喚する
241001	貴人の魔術師の霊体を召喚する
241002	貴人の魔術師の霊体を召喚する
241003	貴人の魔術師の霊体を召喚する
241004	貴人の魔術師の霊体を召喚する
241005	貴人の魔術師の霊体を召喚する
241006	貴人の魔術師の霊体を召喚する
241007	貴人の魔術師の霊体を召喚する
241008	貴人の魔術師の霊体を召喚する
241009	貴人の魔術師の霊体を召喚する
241010	貴人の魔術師の霊体を召喚する
242000	卑兵の霊体を３体召喚する
242001	卑兵の霊体を３体召喚する
242002	卑兵の霊体を３体召喚する
242003	卑兵の霊体を３体召喚する
242004	卑兵の霊体を３体召喚する
242005	卑兵の霊体を３体召喚する
242006	卑兵の霊体を３体召喚する
242007	卑兵の霊体を３体召喚する
242008	卑兵の霊体を３体召喚する
242009	卑兵の霊体を３体召喚する
242010	卑兵の霊体を３体召喚する
243000	かぼちゃの狂兵の霊体を召喚する
243001	かぼちゃの狂兵の霊体を召喚する
243002	かぼちゃの狂兵の霊体を召喚する
243003	かぼちゃの狂兵の霊体を召喚する
243004	かぼちゃの狂兵の霊体を召喚する
243005	かぼちゃの狂兵の霊体を召喚する
243006	かぼちゃの狂兵の霊体を召喚する
243007	かぼちゃの狂兵の霊体を召喚する
243008	かぼちゃの狂兵の霊体を召喚する
243009	かぼちゃの狂兵の霊体を召喚する
243010	かぼちゃの狂兵の霊体を召喚する
244000	陸ほやの霊体を３体召喚する
244001	陸ほやの霊体を３体召喚する
244002	陸ほやの霊体を３体召喚する
244003	陸ほやの霊体を３体召喚する
244004	陸ほやの霊体を３体召喚する
244005	陸ほやの霊体を３体召喚する
244006	陸ほやの霊体を３体召喚する
244007	陸ほやの霊体を３体召喚する
244008	陸ほやの霊体を３体召喚する
244009	陸ほやの霊体を３体召喚する
244010	陸ほやの霊体を３体召喚する
245000	小ミランダの霊体を５体召喚する
245001	小ミランダの霊体を５体召喚する
245002	小ミランダの霊体を５体召喚する
245003	小ミランダの霊体を５体召喚する
245004	小ミランダの霊体を５体召喚する
245005	小ミランダの霊体を５体召喚する
245006	小ミランダの霊体を５体召喚する
245007	小ミランダの霊体を５体召喚する
245008	小ミランダの霊体を５体召喚する
245009	小ミランダの霊体を５体召喚する
245010	小ミランダの霊体を５体召喚する
246000	小さな、生きている壺の霊体を３体召喚する
246001	小さな、生きている壺の霊体を３体召喚する
246002	小さな、生きている壺の霊体を３体召喚する
246003	小さな、生きている壺の霊体を３体召喚する
246004	小さな、生きている壺の霊体を３体召喚する
246005	小さな、生きている壺の霊体を３体召喚する
246006	小さな、生きている壺の霊体を３体召喚する
246007	小さな、生きている壺の霊体を３体召喚する
246008	小さな、生きている壺の霊体を３体召喚する
246009	小さな、生きている壺の霊体を３体召喚する
246010	小さな、生きている壺の霊体を３体召喚する
247000	忌み潰しのロロの霊体を召喚する
247001	忌み潰しのロロの霊体を召喚する
247002	忌み潰しのロロの霊体を召喚する
247003	忌み潰しのロロの霊体を召喚する
247004	忌み潰しのロロの霊体を召喚する
247005	忌み潰しのロロの霊体を召喚する
247006	忌み潰しのロロの霊体を召喚する
247007	忌み潰しのロロの霊体を召喚する
247008	忌み潰しのロロの霊体を召喚する
247009	忌み潰しのロロの霊体を召喚する
247010	忌み潰しのロロの霊体を召喚する
248000	大盾兵の霊体を５体召喚する
248001	大盾兵の霊体を５体召喚する
248002	大盾兵の霊体を５体召喚する
248003	大盾兵の霊体を５体召喚する
248004	大盾兵の霊体を５体召喚する
248005	大盾兵の霊体を５体召喚する
248006	大盾兵の霊体を５体召喚する
248007	大盾兵の霊体を５体召喚する
248008	大盾兵の霊体を５体召喚する
248009	大盾兵の霊体を５体召喚する
248010	大盾兵の霊体を５体召喚する
249000	弓兵の霊体を３体召喚する
249001	弓兵の霊体を３体召喚する
249002	弓兵の霊体を３体召喚する
249003	弓兵の霊体を３体召喚する
249004	弓兵の霊体を３体召喚する
249005	弓兵の霊体を３体召喚する
249006	弓兵の霊体を３体召喚する
249007	弓兵の霊体を３体召喚する
249008	弓兵の霊体を３体召喚する
249009	弓兵の霊体を３体召喚する
249010	弓兵の霊体を３体召喚する
250000	ゴドリック兵の霊体を２体召喚する
250001	ゴドリック兵の霊体を２体召喚する
250002	ゴドリック兵の霊体を２体召喚する
250003	ゴドリック兵の霊体を２体召喚する
250004	ゴドリック兵の霊体を２体召喚する
250005	ゴドリック兵の霊体を２体召喚する
250006	ゴドリック兵の霊体を２体召喚する
250007	ゴドリック兵の霊体を２体召喚する
250008	ゴドリック兵の霊体を２体召喚する
250009	ゴドリック兵の霊体を２体召喚する
250010	ゴドリック兵の霊体を２体召喚する
251000	レアルカリア兵の霊体を３体召喚する
251001	レアルカリア兵の霊体を３体召喚する
251002	レアルカリア兵の霊体を３体召喚する
251003	レアルカリア兵の霊体を３体召喚する
251004	レアルカリア兵の霊体を３体召喚する
251005	レアルカリア兵の霊体を３体召喚する
251006	レアルカリア兵の霊体を３体召喚する
251007	レアルカリア兵の霊体を３体召喚する
251008	レアルカリア兵の霊体を３体召喚する
251009	レアルカリア兵の霊体を３体召喚する
251010	レアルカリア兵の霊体を３体召喚する
252000	ローデイル兵の霊体を２体召喚する
252001	ローデイル兵の霊体を２体召喚する
252002	ローデイル兵の霊体を２体召喚する
252003	ローデイル兵の霊体を２体召喚する
252004	ローデイル兵の霊体を２体召喚する
252005	ローデイル兵の霊体を２体召喚する
252006	ローデイル兵の霊体を２体召喚する
252007	ローデイル兵の霊体を２体召喚する
252008	ローデイル兵の霊体を２体召喚する
252009	ローデイル兵の霊体を２体召喚する
252010	ローデイル兵の霊体を２体召喚する
253000	ラダーン兵の霊体を２体召喚する
253001	ラダーン兵の霊体を２体召喚する
253002	ラダーン兵の霊体を２体召喚する
253003	ラダーン兵の霊体を２体召喚する
253004	ラダーン兵の霊体を２体召喚する
253005	ラダーン兵の霊体を２体召喚する
253006	ラダーン兵の霊体を２体召喚する
253007	ラダーン兵の霊体を２体召喚する
253008	ラダーン兵の霊体を２体召喚する
253009	ラダーン兵の霊体を２体召喚する
253010	ラダーン兵の霊体を２体召喚する
254000	霊廟兵の霊体を５体召喚する
254001	霊廟兵の霊体を５体召喚する
254002	霊廟兵の霊体を５体召喚する
254003	霊廟兵の霊体を５体召喚する
254004	霊廟兵の霊体を５体召喚する
254005	霊廟兵の霊体を５体召喚する
254006	霊廟兵の霊体を５体召喚する
254007	霊廟兵の霊体を５体召喚する
254008	霊廟兵の霊体を５体召喚する
254009	霊廟兵の霊体を５体召喚する
254010	霊廟兵の霊体を５体召喚する
255000	聖樹兵の霊体を４体召喚する
255001	聖樹兵の霊体を４体召喚する
255002	聖樹兵の霊体を４体召喚する
255003	聖樹兵の霊体を４体召喚する
255004	聖樹兵の霊体を４体召喚する
255005	聖樹兵の霊体を４体召喚する
255006	聖樹兵の霊体を４体召喚する
255007	聖樹兵の霊体を４体召喚する
255008	聖樹兵の霊体を４体召喚する
255009	聖樹兵の霊体を４体召喚する
255010	聖樹兵の霊体を４体召喚する
256000	古竜の騎士、クリストフの霊体を召喚する
256001	古竜の騎士、クリストフの霊体を召喚する
256002	古竜の騎士、クリストフの霊体を召喚する
256003	古竜の騎士、クリストフの霊体を召喚する
256004	古竜の騎士、クリストフの霊体を召喚する
256005	古竜の騎士、クリストフの霊体を召喚する
256006	古竜の騎士、クリストフの霊体を召喚する
256007	古竜の騎士、クリストフの霊体を召喚する
256008	古竜の騎士、クリストフの霊体を召喚する
256009	古竜の騎士、クリストフの霊体を召喚する
256010	古竜の騎士、クリストフの霊体を召喚する
257000	赤獅子騎士、オウガの霊体を召喚する
257001	赤獅子騎士、オウガの霊体を召喚する
257002	赤獅子騎士、オウガの霊体を召喚する
257003	赤獅子騎士、オウガの霊体を召喚する
257004	赤獅子騎士、オウガの霊体を召喚する
257005	赤獅子騎士、オウガの霊体を召喚する
257006	赤獅子騎士、オウガの霊体を召喚する
257007	赤獅子騎士、オウガの霊体を召喚する
257008	赤獅子騎士、オウガの霊体を召喚する
257009	赤獅子騎士、オウガの霊体を召喚する
257010	赤獅子騎士、オウガの霊体を召喚する
258000	首なし騎士、ルーテルの霊体を召喚する
258001	首なし騎士、ルーテルの霊体を召喚する
258002	首なし騎士、ルーテルの霊体を召喚する
258003	首なし騎士、ルーテルの霊体を召喚する
258004	首なし騎士、ルーテルの霊体を召喚する
258005	首なし騎士、ルーテルの霊体を召喚する
258006	首なし騎士、ルーテルの霊体を召喚する
258007	首なし騎士、ルーテルの霊体を召喚する
258008	首なし騎士、ルーテルの霊体を召喚する
258009	首なし騎士、ルーテルの霊体を召喚する
258010	首なし騎士、ルーテルの霊体を召喚する
259000	ネフェリ・ルーの霊体を召喚する
259001	ネフェリ・ルーの霊体を召喚する
259002	ネフェリ・ルーの霊体を召喚する
259003	ネフェリ・ルーの霊体を召喚する
259004	ネフェリ・ルーの霊体を召喚する
259005	ネフェリ・ルーの霊体を召喚する
259006	ネフェリ・ルーの霊体を召喚する
259007	ネフェリ・ルーの霊体を召喚する
259008	ネフェリ・ルーの霊体を召喚する
259009	ネフェリ・ルーの霊体を召喚する
259010	ネフェリ・ルーの霊体を召喚する
260000	糞喰いの霊体を召喚する
260001	糞喰いの霊体を召喚する
260002	糞喰いの霊体を召喚する
260003	糞喰いの霊体を召喚する
260004	糞喰いの霊体を召喚する
260005	糞喰いの霊体を召喚する
260006	糞喰いの霊体を召喚する
260007	糞喰いの霊体を召喚する
260008	糞喰いの霊体を召喚する
260009	糞喰いの霊体を召喚する
260010	糞喰いの霊体を召喚する
261000	指巫女サロリナの霊体を召喚する
261001	指巫女サロリナの霊体を召喚する
261002	指巫女サロリナの霊体を召喚する
261003	指巫女サロリナの霊体を召喚する
261004	指巫女サロリナの霊体を召喚する
261005	指巫女サロリナの霊体を召喚する
261006	指巫女サロリナの霊体を召喚する
261007	指巫女サロリナの霊体を召喚する
261008	指巫女サロリナの霊体を召喚する
261009	指巫女サロリナの霊体を召喚する
261010	指巫女サロリナの霊体を召喚する
262000	眠りの矢、ドローレスの霊体を召喚する
262001	眠りの矢、ドローレスの霊体を召喚する
262002	眠りの矢、ドローレスの霊体を召喚する
262003	眠りの矢、ドローレスの霊体を召喚する
262004	眠りの矢、ドローレスの霊体を召喚する
262005	眠りの矢、ドローレスの霊体を召喚する
262006	眠りの矢、ドローレスの霊体を召喚する
262007	眠りの矢、ドローレスの霊体を召喚する
262008	眠りの矢、ドローレスの霊体を召喚する
262009	眠りの矢、ドローレスの霊体を召喚する
262010	眠りの矢、ドローレスの霊体を召喚する
263000	壺男の霊体を召喚する
263001	壺男の霊体を召喚する
263002	壺男の霊体を召喚する
263003	壺男の霊体を召喚する
263004	壺男の霊体を召喚する
263005	壺男の霊体を召喚する
263006	壺男の霊体を召喚する
263007	壺男の霊体を召喚する
263008	壺男の霊体を召喚する
263009	壺男の霊体を召喚する
263010	壺男の霊体を召喚する
9999001	ローカライズテスト_01
9999002	ローカライズテスト_02
9999003	ローカライズテスト_03
9999004	ローカライズテスト_04
9999005	ローカライズテスト_05
9999006	ローカライズテスト_06
9999007	ローカライズテスト_07
9999008	ローカライズテスト_08
9999009	ローカライズテスト_09
9999010	ローカライズテスト_10
9999011	ローカライズテスト_11
9999012	ローカライズテスト_12
9999013	ローカライズテスト_13
9999014	ローカライズテスト_14
9999015	ローカライズテスト_15
9999016	ローカライズテスト_16
9999017	ローカライズテスト_17
9999018	ローカライズテスト_18
9999019	ローカライズテスト_19
9999020	ローカライズテスト_20
9999021	ローカライズテスト_21
9999022	ローカライズテスト_22
9999023	ローカライズテスト_23
9999024	ローカライズテスト_24
9999025	ローカライズテスト_25
9999026	ローカライズテスト_26
9999027	ローカライズテスト_27
9999028	ローカライズテスト_28
9999029	ローカライズテスト_29
9999030	ローカライズテスト_30
9999031	ローカライズテスト_31
9999032	ローカライズテスト_32
9999033	ローカライズテスト_33
9999034	ローカライズテスト_34
9999035	ローカライズテスト_35
9999036	ローカライズテスト_36
9999037	ローカライズテスト_37
9999038	ローカライズテスト_38
9999039	ローカライズテスト_39
9999040	ローカライズテスト_40
9999041	ローカライズテスト_41
9999042	ローカライズテスト_42
9999043	ローカライズテスト_43
9999044	ローカライズテスト_44
9999045	ローカライズテスト_45
9999046	ローカライズテスト_46
9999047	ローカライズテスト_47
9999048	ローカライズテスト_48
9999049	ローカライズテスト_49
9999050	ローカライズテスト_50
9999051	ローカライズテスト_51
9999052	ローカライズテスト_52
9999053	ローカライズテスト_53
9999054	ローカライズテスト_54
9999055	ローカライズテスト_55
9999056	ローカライズテスト_56
9999057	ローカライズテスト_57
9999058	ローカライズテスト_58
9999059	ローカライズテスト_59
9999060	ローカライズテスト_60
9999061	ローカライズテスト_61
9999062	ローカライズテスト_62
9999063	ローカライズテスト_63
9999064	ローカライズテスト_64
9999065	ローカライズテスト_65
9999066	ローカライズテスト_66
9999067	ローカライズテスト_67
9999068	ローカライズテスト_68
9999069	ローカライズテスト_69
9999070	ローカライズテスト_70
9999071	ローカライズテスト_71
9999072	ローカライズテスト_72
9999073	ローカライズテスト_73
9999074	ローカライズテスト_74
9999075	ローカライズテスト_75
9999076	ローカライズテスト_76
9999077	ローカライズテスト_77
9999078	ローカライズテスト_78
9999079	ローカライズテスト_79
9999080	ローカライズテスト_80
9999081	ローカライズテスト_81
9999082	ローカライズテスト_82
9999083	ローカライズテスト_83
9999084	ローカライズテスト_84
9999085	ローカライズテスト_85
9999086	ローカライズテスト_86
9999087	ローカライズテスト_87
9999088	ローカライズテスト_88
9999089	ローカライズテスト_89
9999090	ローカライズテスト_90
9999091	ローカライズテスト_91
9999092	ローカライズテスト_92
9999093	ローカライズテスト_93
9999094	ローカライズテスト_94
9999095	ローカライズテスト_95
9999096	ローカライズテスト_96
9999097	ローカライズテスト_97
9999098	ローカライズテスト_98
9999099	ローカライズテスト_99
