2601425	他世界に召喚されました\n「針の騎士、レダ」と同志たちを倒してください
2601426	他世界に召喚されました\n「老兵アンスバッハ」を倒してください
2601427	他世界に召喚されました\n「針の騎士、レダ」を倒してください
2601428	他世界に召喚されました\n「角人」を倒してください
2601429	他世界に召喚されました\n「針の騎士、レダ」を倒してください
2611425	「針の騎士、レダ」と同志たちを倒しました。元の世界に戻ります
2611426	「老兵アンスバッハ」を倒しました。元の世界に戻ります
2611427	「針の騎士、レダ」を倒しました。元の世界に戻ります
2611428	「角人」を倒しました。元の世界に戻ります
2611429	「針の騎士、レダ」を倒しました。元の世界に戻ります
2621425	あなたは死亡しました。元の世界に戻ります
2621426	あなたは死亡しました。元の世界に戻ります
2621427	あなたは死亡しました。元の世界に戻ります
2621428	あなたは死亡しました。元の世界に戻ります
2621429	あなたは死亡しました。元の世界に戻ります
2622425	鉤指の主が死亡しました。主の世界に戻ります
2631425	元の世界に戻ります
2631426	元の世界に戻ります
2631427	元の世界に戻ります
2631428	元の世界に戻ります
2631429	元の世界に戻ります
2632425	鉤指の主が元の世界に戻りました。主の世界に戻ります
2640425	鉤指<?leaveName?>を元の世界に送還しました
2641425	鉤指の主に送還されました。元の世界に戻ります
2642425	鉤指<?leaveName?>が元の世界に送還されました
2691425	あなたは死亡しました。元の世界に戻ります
2692425	鉤指<?deadName?>が死亡しました
2693425	元の世界に戻ります
2694425	鉤指<?leaveName?>が元の世界に戻りました
4080100	協力者を召喚しています
4080101	
4080102	
4080103	
4080104	
4080105	
4080106	
4080107	
4080108	
4080109	
4080110	他の協力者が召喚されています
4080800	「竜の戦士、エーゴン」を協力者として召喚しました
4080801	「竜の戦士、エーゴン」が協力者として召喚されました
4080802	「竜の戦士、エーゴン」が死亡しました　
4080803	
4080804	
4080805	
4080806	
4080807	
4080808	
4080809	
4080810	「ティエリエ」を協力者として召喚しました
4080811	「ティエリエ」が協力者として召喚されました
4080812	「ティエリエ」が死亡しました　
4080813	
4080814	
4080815	
4080816	
4080817	
4080818	
4080819	
4080820	「ティエリエ」に侵入されました！
4080821	
4080822	「ティエリエ」が死亡しました
4080823	
4080824	
4080825	
4080826	
4080827	
4080828	
4080829	
4080830	「夜の剣士、ヨラーン」に侵入されました！
4080831	
4080832	「夜の剣士、ヨラーン」が死亡しました
4080833	
4080834	
4080835	
4080836	
4080837	
4080838	
4080839	
4080840	「純血騎士、アンスバッハ」を協力者として召喚しました
4080841	「純血騎士、アンスバッハ」が協力者として召喚されました
4080842	「純血騎士、アンスバッハ」が死亡しました　
4080843	「純血騎士、アンスバッハ」は、後ほど協力者として召喚されます
4080844	
4080845	
4080846	
4080847	
4080848	
4080849	
4080850	「ティエリエ」を協力者として召喚しました
4080851	「ティエリエ」が協力者として召喚されました
4080852	「ティエリエ」が死亡しました　
4080853	「ティエリエ」は、後ほど協力者として召喚されます
4080854	
4080855	
4080856	
4080857	
4080858	
4080859	
4080860	「血の貴族、ナタン」を協力者として召喚しました
4080861	「血の貴族、ナタン」が協力者として召喚されました
4080862	「血の貴族、ナタン」が死亡しました　
4080863	「血の貴族、ナタン」は、後ほど協力者として召喚されます
4080864	
4080865	
4080866	
4080867	
4080868	
4080869	
4080870	「角人」を協力者として召喚しました
4080871	「角人」が協力者として召喚されました
4080872	「角人」が死亡しました
4080873	
4080874	
4080875	
4080876	
4080877	
4080878	
4080879	
4080880	「夜の剣士、ヨラーン」を協力者として召喚しました
4080881	「夜の剣士、ヨラーン」が協力者として召喚されました
4080882	「夜の剣士、ヨラーン」が死亡しました
4080883	
4080884	
4080885	
4080886	
4080887	
4080888	
4080889	
4080890	「角人」が敵対者として召喚されました！
4080891	
4080892	「角人」が死亡しました
4080893	
4080894	
4080895	
4080896	
4080897	
4080898	
4080899	
4080900	「ムーア」が敵対者として召喚されました！
4080901	
4080902	「ムーア」が死亡しました
4080903	
4080904	
4080905	
4080906	
4080907	
4080908	
4080909	
4080910	「赤獅子、フレイヤ」が敵対者として召喚されました！
4080911	
4080912	「赤獅子、フレイヤ」が死亡しました
4080913	
4080914	
4080915	
4080916	
4080917	
4080918	
4080919	
4080920	「針の騎士、レダ」が敵対者として召喚されました！
4080921	
4080922	「針の騎士、レダ」が死亡しました
4080923	
4080924	
4080925	
4080926	
4080927	
4080928	
4080929	
4080930	「落葉のダン」が敵対者として召喚されました！
4080931	
4080932	「落葉のダン」が死亡しました
