1	チュートリアル１の本文\n2行目\n3行目\n4行目\n5行目\n6行目\n7行目\n8行目\n9行目\n10行目
101000	<?keyControlCamera?>：<?keyActFullName@10?>
101030	<?keyicon@15?>：<?keyActName@15?>
101031	
101032	
101033	
101034	
101035	
101036	
101037	
101038	
101039	
101040	<?keyicon@22?>：<?keyActName@22?>
101041	
101042	
101043	
101044	
101045	
101046	
101047	
101048	
101049	
101050	<?keyicon@23?>：<?keyActName@23?>
101080	<?keyicon@8?>：<?keyActName@8?>
101081	
101082	
101083	
101084	
101085	
101086	
101087	
101088	
101089	
101090	<?keyMove?>+<?keyicon@7?>長押し：ダッシュ
101110	ターゲット固定中に<?keyControlCamera?>：ターゲットの変更
101111	
101112	
101113	
101114	
101115	
101116	
101117	
101118	
101119	
101120	<?keyicon@24?>：ガード
101121	
101122	
101123	
101124	
101125	
101126	
101127	
101128	
101129	
101130	素材アイテムは、アイテム製作に使用できる
101150	敵の背後をとって近づき<?keyicon@22?>：致命の一撃
101170	<?keyicon@27?>：各種ゲージなどの表示
101171	
101172	
101173	
101174	
101175	
101176	
101177	
101178	
101179	
101180	騎乗ジャンプ中にもう一度<?keyicon@8?>：二段ジャンプ
201010	<?keyicon@26?>：<?keyActName@26?>\n<?keyicon@18?>：<?keyActName@18?>
201070	<?kgLStick?>+<?kgRR?>：ローリング\n<?kgRR?>：バックステップ
201100	武器は、右手と左手に３個ずつ装備でき\n切り替えて使用することができる\n\nまた、武器を両手持ちすることもできる\n両手持ちにより、攻撃が盾に弾かれ難くなり\n筋力も１．５倍の扱いとなる\n\n<?keyicon@19?>：<?keyActName@19?>\n<?keyicon@20?>：<?keyActName@20?>\n<?keyicon@27?>+<?keyicon@24?>/<?keyicon@22?>：武器両手持ち\n
301020	祝福で休むことで\nＨＰ、ＦＰ、状態異常などが全て回復し\n聖杯瓶も補充される\n\nただし、一部を除いて全ての敵が復活する\n\n祝福は光の集まる先で発見できる\n\n※こうした説明は、情報アイテムとして取得され\n　インベントリからいつでも再読できる\n
301060	魔術／祈祷は、祝福で記憶できる\n\n記憶した魔術／祈祷は\n魔術であれば杖を、祈祷であれば聖印を装備し\nＦＰを消費することで使用できる\n\n<?keyicon@0017?>：<?keyActName@17?>\n
301130	弓を装備し、矢を撃つことができる\n矢は２つまで装備でき、使い分けることができる\n\nまた、弓を両手持ちしている間\n<?keyicon@24?>長押しで精密射撃ができる\n狙いは<?keyControlCamera?>で定める\n\n<?keyicon@22?>：矢１を撃つ\n<?keyicon@23?>：矢２を撃つ\n<?keyicon@24?>：精密射撃\n
301131	
301132	
301133	
301134	
301135	
301136	
301137	
301138	
301139	
301140	しゃがむと敵に見つかり難くなる\n草むらではその効果がより大きい\n\n敵に見つかっていない状態からの攻撃は\n通常よりもダメージが大きくなる\n\n<?keyicon@9?>：<?keyActName@9?>\n
301160	攻撃により、敵の体勢が崩れることがあり\n致命の一撃のチャンスとなる\n\nタメ攻撃やジャンプ攻撃は\n特に敵の体勢を崩しやすい\n\n<?keyicon@23?>長押し：タメ攻撃\nジャンプ中に<?keyicon@23?>：ジャンプ攻撃\n
301500	地図では、自分の現在位置や\n地形や建築物などの情報を確認できる\n\n地図情報は、街道沿いの石碑で\n「地図断片」を手に入れることで更新される\n\nまた、任意の場所に光の柱を配置し\n探索の目印にすることもできる\n\n<?keyicon@29?>：<?keyActName@29?>\n
301501	
301502	
301503	
301504	
301505	
301506	
301507	
301508	
301509	
301510	祝福は本来、褪せ人を導き\n進むべき道を指し示すものである\n\nそして今でも、一部の祝福はその力を残し\n黄金の光跡で道を指し示している\n
301511	
301512	
301513	
301514	
301515	
301516	
301517	
301518	
301519	
301520	「霊馬の指笛」を使用することで\n霊馬を召喚し、騎乗することができる\n\n霊馬が死亡しても、再召喚できるが\n緋雫の聖杯瓶が１つ消費される\n\n騎乗中、もう一度指笛を使用するか\n<?keyicon@0009?>で霊馬から降りる\n
301521	
301522	
301523	
301524	
301525	
301526	
301527	
301528	
301529	
301530	死亡すると、最後に訪れた祝福で復活する\n\n死亡した場所に、所持ルーンを落とし\n回収前にもう一度死亡すると、失われてしまう\n\n落としたルーンの方角は\n画面上部の方位計に表示される\n
301531	
301532	
301533	
301534	
301535	
301536	
301537	
301538	
301539	
301540	死亡すると、最後に訪れた祝福で復活する\n\n死亡した場所の近くに「マリカの楔」があれば\nそこから復活することも選択できる\n
301541	
301542	
301543	
301544	
301545	
301546	
301547	
301548	
301549	
301550	「霊喚びの鈴」があれば\n遺灰から、様々な霊体を召喚できる\n召喚は基本的にＦＰを消費する\n\n霊体は、同時に１種類しか召喚できず\nマルチプレイ中は召喚できない\n
301551	
301552	
301553	
301554	
301555	
301556	
301557	
301558	
301559	
301560	狭間の地の各所で、木の実や花、キノコや蝶など\n様々な素材アイテムが入手できる\n\n素材アイテムは、アイテム製作に使用できる\n
301561	
301562	
301563	
301564	
301565	
301566	
301567	
301568	
301569	
301570	「ツール鞄」があれば、素材アイテムを用いて\n様々なアイテムを製作できる\n\nメインメニューの「アイテム製作」から行う\n\n製作できるアイテムの種類は\n「製法書」を手に入れることで増えていく\n\n<?keyicon@28?>：<?keyActName@28?>\n
301571	
301572	
301573	
301574	
301575	
301576	
301577	
301578	
301579	
301580	製作できるアイテムには\nヒビ壺など、特定の容器が必要なものがあり\n容器数を超える製作はできない\n\n容器アイテムは使用により消費されるが\n容器自体は無くならない\n
301581	
301582	
301583	
301584	
301585	
301586	
301587	
301588	
301589	
301590	狭間の地の各所、小黄金樹の麓などでは\n結晶雫と呼ばれるアイテムが入手できる\n\n結晶雫は「霊薬の聖杯瓶」に２つ配合でき\n霊薬の効果を様々にカスタマイズできる\n\n配合は祝福で行う\n
301591	
301592	
301593	
301594	
301595	
301596	
301597	
301598	
301599	
301600	「砥石の小刀」があれば\n祝福で「戦灰」を用い、武器に戦技を付与できる\n\n戦技は武器ごとに1つであり\n付与により、古い戦技は外れてしまう\n\n付与は武器種別により制限され\n固有の戦技を持つなどの、特別な武器には\n戦技の付与はできない\n
301601	
301602	
301603	
301604	
301605	
301606	
301607	
301608	
301609	
301610	各地に残る「鳥の遠見」を使用すると\n鳥の視点で、向かう先を観察することができる\n\n<?keyicon@17?>：ズームイン\n<?keyicon@18?>：ズームアウト\n
301611	
301612	
301613	
301614	
301615	
301616	
301617	
301618	
301619	
301620	「霊気流」のある場所で、騎乗してジャンプすると\n気流に乗り大きく跳び上がる\n\nまた、騎乗して「霊気流」に飛び降りると\n高所からでもダメージを受けない\n\n騎乗中に霊気流で<?keyicon@8?>：霊気流ジャンプ\n
301621	
301622	
301623	
301624	
301625	
301626	
301627	
301628	
301629	
301630	敵集団を撃破すると、聖杯瓶が回復する\n\n回復する聖杯瓶の種類、回数は\n敵集団により異なる\n\nただし、上限を超えて回復することはない\n
301631	
301632	
301633	
301634	
301635	
301636	
301637	
301638	
301639	
301640	雫スカラベには、緋色と青色が存在し\n倒すことで、それぞれの聖杯瓶が回復する\n\nただし、上限を超えて回復することはない\n
301641	
301642	
301643	
301644	
301645	
301646	
301647	
301648	
301649	
301650	「鉤呼びの指薬」を使用し\n他世界のプレイヤーの召喚サインを可視化できる\n\n金色のサインからは協力者を\n赤色のサインからは敵対者を\nそれぞれ召喚でき、マルチプレイが開始される\n（貴方は「鉤指の主」となる）\n
301651	
301652	
301653	
301654	
301655	
301656	
301657	
301658	
301659	
301660	「褪せ人の鉤指」を使用し\n金色の召喚サインを書くことができる\n\nサインから、他世界のプレイヤーに召喚されると\n協力マルチプレイが開始される\n\n貴方は協力者（鉤指）となり\nエリアボスの撃破が目的となる\n\n召喚主（鉤指の主）の方角が\n画面上部の方位計に表示される\n
301661	
301662	
301663	
301664	
301665	
301666	
301667	
301668	
301669	
301670	「闘士の鉤指」を使用し\n赤色の召喚サインを書くことができる\n\nサインから、他世界のプレイヤーに召喚されると\n敵対マルチプレイが開始される\n\n貴方は敵対者（闘士）となり\n召喚者たる「鉤指の主」の撃破が目的となる\n
301671	
301672	
301673	
301674	
301675	
301676	
301677	
301678	
301679	
301680	「爛れた血指」などを使用し\n他プレイヤーの世界に侵入を試みることができる\n\n侵入に成功すると、侵入マルチプレイが開始される\n\n貴方は侵入者（血の指）となり\n世界の主たる「鉤指の主」の撃破が目的となる\n\n鉤指の主が遠くにいる時は\nその方角が、画面上部の方位計に表示される\n
301681	
301682	
301683	
301684	
301685	
301686	
301687	
301688	
301689	
301690	各地にある殉教者の偶像は、サイン溜まりである\n\n小偶像を使用した協力サイン、敵対サインは\nサイン溜まりに集積するため\n他プレイヤーを召喚しやすい場所となる\n
302000	「砥石の小刀」があれば\n祝福で「戦灰」を用い、武器に属性を付与できる\n\n付与された属性により、その武器の\n攻撃力属性、能力補正などが変化する\n\n付与は武器種別により制限され\n固有の戦技を持つなどの、特別な武器には\n属性の付与はできない\n
302380	「青い秘文字の指環」を使用すると\n他世界から狩人の召喚要請があった時\nそれに応え、召喚される状態となる\n\n狩人として召喚されると\n狩人マルチプレイが開始される\nその目的は、侵入者の撃破となる\n\n召喚主（鉤指の主）の方角が\n画面上部の方位計に表示される\n
302381	
302382	
302383	
302384	
302385	
302386	
302387	
302388	
302389	
302390	遺灰を使った霊体召喚は\n還魂碑の周辺でしか行うことはできない\n\n還魂碑の周辺、霊体召喚が可能な場所では\n画面左に碑文アイコンが表示される\n
302391	
302392	
302393	
302394	
302395	
302396	
302397	
302398	
302399	
302400	敵の攻撃をガードした直後に\nカウンター攻撃ができる\n\nガードカウンターは、敵の体勢を崩しやすい\n\n攻撃をガード直後に<?keyicon@23?>：ガードカウンター\n
302401	
302402	
302403	
302404	
302405	
302406	
302407	
302408	
302409	
302410	左手の武器、あるいは両手持ちの武器で\n敵の攻撃をガードできる\n\n特に、盾によるガードは効果が大きい\n\nガードはスタミナを消費し\nスタミナが尽きると、体勢が崩れてしまう\n\n<?keyicon@24?>：ガード\n
302411	
302412	
302413	
302414	
302415	
302416	
302417	
302418	
302419	
302420	「白い秘文字の指環」を使用すると\n侵入者に侵入された時、自動的に\n他世界に狩人の召喚を要請する状態となる\n（侵入された後に使用してもよい）\n\n要請に成功すると、狩人が召喚され\nその目的は侵入者の撃破となる\n
302421	
302422	
302423	
302424	
302425	
302426	
302427	
302428	
302429	
302430	戦技とは、武器の持つ特殊な技である\n\n強力な攻撃から、一時的特殊効果まで幅広く\nその使用にはＦＰが消費される\n\n<?keyicon@25?>：<?keyActName@25?>\n
302431	
302432	
302433	
302434	
302435	
302436	
302437	
302438	
302439	
302440	地図から、発見済の祝福を選択し\nそこに瞬時に移動することができる\n\nただし、一部ダンジョンなどでは\nそれができないことがある\n
302441	
302442	
302443	
302444	
302445	
302446	
302447	
302448	
302449	
302450	鍛冶台で「鍛石」とルーンを消費して\n武器を強化できる\n\n狭間の地のどこかで、鍛冶屋を見つければ\nさらに上の段階の強化も可能になる\n
302451	
302452	
302453	
302454	
302455	
302456	
302457	
302458	
302459	
302460	円卓は、祝福に導かれた褪せ人が集う場所であり\n不戦の約定により、戦闘行為が禁止されている\n（円卓のアイコンは、不戦の約定を示す）\n\nこの世界でないどこかにあり\n祝福の移動でのみ、行き来ができる\n（地図から移動できる）\n\n<?keyicon@29?>：<?keyActName@29?>\n
302461	
302462	
302463	
302464	
302465	
302466	
302467	
302468	
302469	
302470	ジコ坊は、精酒のため\n眠りの濃霧を求めている\n\n深く眠る者を見つけ出し、\nトリーナの水晶玉を用いれば\n眠りの濃霧を写し取ることができる\n\nただ眠っている者と違い、\n深く眠る者は霧がかかって見える\n\n深く眠る者に近付き<?keyicon@27?>：濃霧を写し取る\n
302471	
302472	
302473	
302474	
302475	
302476	
302477	
302478	
302479	
302480	メインメニューの「ポーチ」に\n６つのアイテムを装備し、そこから使うことができる\n\nその内の４つのアイテムについては\nメインメニューを開くことなく使用することもできる\n\n<?keyicon@27?>+<?keyicon@17?>：ポーチ１のアイテムを使用\n<?keyicon@27?>+<?keyicon@19?>：ポーチ２のアイテムを使用\n<?keyicon@27?>+<?keyicon@20?>：ポーチ３のアイテムを使用\n<?keyicon@27?>+<?keyicon@18?>：ポーチ４のアイテムを使用\n
302481	
302482	
302483	
302484	
302485	
302486	
302487	
302488	
302489	
302490	ローリングあるいはバックステップで\n敵の攻撃を回避できる\n\nただし、どちらもスタミナを消費する\n\n<?keyMove?>+<?keyicon@7?>：ローリング\n<?keyicon@7?>：バックステップ\n
302491	
302492	
302493	
302494	
302495	
302496	
302497	
302498	
302499	
302500	破片の君主を倒して得た大ルーンは\n恩恵の力を失っており、各地の神授塔で\nそれを再び得ることができる\n\n向かうべき神授塔は\n大ルーンアイテムに記されている\n
302501	
302502	
302503	
302504	
302505	
302506	
302507	
302508	
302509	
302510	この先の穴に飛び降りると\n「学びの洞窟」がある\n\n学びの洞窟では\n基本的なアクションや操作方法を学ぶことができ\n狭間の地の冒険に有用な知識も得られる\n
302550	闘技場のマリカ像に触れることで\n闘技に参戦し、他プレイヤーと対戦できる\n\nこの闘技場では「決闘」形式で対戦を行う\n「決闘」は１対１での戦いとなる\n
302551	
302552	
302553	
302554	
302555	
302556	
302557	
302558	
302559	
302560	闘技場のマリカ像に触れることで\n闘技に参戦し、他プレイヤーと対戦できる\n\nこの闘技場では\n「共闘」あるいは「乱闘」形式で対戦を行う\n\n「共闘」は２チームに分かれて戦い\n「乱闘」は全員が敵となり戦う\n
302561	
302562	
302563	
302564	
302565	
302566	
302567	
302568	
302569	
302570	闘技場のマリカ像に触れることで\n闘技に参戦し、他プレイヤーと対戦できる\n\nこの闘技場では、対戦で遺灰を使用できる\n
302571	
302572	
302573	
302574	
302575	
302576	
302577	
302578	
302579	
302580	闘技には、円卓のマリカ像からも参戦できる\n\nそこでは、一度訪れた闘技場のルールだけが\n選択できる\n
309000	協力、侵入、敵対マルチプレイには\nそれぞれ対応したアイテムが必要になる\n\nマルチプレイ用のアイテムは\nメインメニュー「マルチプレイ」で確認でき\nそこから直接使用することもできる\n\n<?keyicon@28?>：<?keyActName@28?>\n
402000	装備メニューでは、武器、矢、ボルト\n防具、タリスマン、アイテムを装備できる\n\n武器は左手と右手に３個ずつ装備でき\nどちらの手に装備するのかで、アクションは変化する\n
402001	
402002	
402003	
402004	
402005	
402006	
402007	
402008	
402009	
402010	アイテム製作メニューでは\n素材アイテムを用いて、様々なアイテムを製作できる\n\n製作できるアイテムの種類は\n「製法書」を手に入れることで増えていく\n
402011	
402012	
402013	
402014	
402015	
402016	
402017	
402018	
402019	
402020	インベントリメニューでは\n所持しているアイテムを確認することができ\nそれらをその場に置いたり、破棄したりできる\n\nまた道具については、このメニューから使用できる\n\n<?keyicon@31?>：大きな画像と説明文の表示\n<?keyicon@30?>：キャラクターデータ表示の切替\n
402021	
402022	
402023	
402024	
402025	
402026	
402027	
402028	
402029	
402030	ステータスメニューでは\n自分のレベル、能力値、基礎力などを確認できる\n\n攻撃力や防御力、耐性値などは\n装備中の武器、防具の数値も反映される\n
402031	
402032	
402033	
402034	
402035	
402036	
402037	
402038	
402039	
402040	メッセージメニューでは\nその場にメッセージを書くことができる\nそれは他世界に伝播する\n\nメッセージの形式を切り替えることで\nより複雑なメッセージを書くことができ\nジェスチャーを添付することもできる\n\n他プレイヤーのメッセージを評価することができ\n貴方のメッセージが評価された時は、ＨＰが回復する\n
402041	
402042	
402043	
402044	
402045	
402046	
402047	
402048	
402049	
402050	マルチプレイメニューでは\n様々なマルチプレイ用のアイテムを使用できる\n\nまた、グループ合言葉を設定すると\n同じ合言葉を設定しているプレイヤーの\nメッセージや召喚サイン、血痕、幻影などが\n優先的に表示されるようになる\n\nマルチプレイ合言葉を設定すると\n同じ合言葉を設定したプレイヤーとだけマッチングする\nただし侵入マルチプレイでは、この合言葉は機能しない\n
402100	地図メニューでは、自分の現在位置や\n地形や建築物などの情報を確認できる\n\n任意の場所に光の柱を配置し\n探索の目印にすることもできる\n\nまた、発見済の祝福を選択し\nそこに瞬時に移動することができる\nただし、一部ダンジョンなどでは\nそれができないことがある\n
402200	レベルアップメニューでは\nルーンを消費して能力値を成長できる\n\n能力値が１成長すると、レベルも１上がり\nレベルが高くなるほど\n能力値の成長に必要なルーンは多くなる\n
402201	
402202	
402203	
402204	
402205	
402206	
402207	
402208	
402209	
402210	聖杯瓶の使用回数を増やすことができる\n\n使用回数を増やすには、聖杯の欠片が必要になる
402211	
402212	
402213	
402214	
402215	
402216	
402217	
402218	
402219	
402220	聖杯瓶の回復量を増やすことができる\n\n回復量を増やすには、【不死の遺骨】が必要になる
402221	
402222	
402223	
402224	
402225	
402226	
402227	
402228	
402229	
402230	このメニューでは\n聖杯瓶の使用回数を振り分けることができる\n\n聖杯瓶全体の最大使用回数を\nＨＰを回復する緋雫の聖杯瓶と\nＦＰを回復する青雫の聖杯瓶に振り分ける\n
402231	
402232	
402233	
402234	
402235	
402236	
402237	
402238	
402239	
402240	記憶メニューでは、魔術と祈祷を記憶できる\n\n記憶した魔術／祈祷は\n魔術であれば杖を、祈祷であれば聖印を装備し\nＦＰを消費することで使用できる\n\n記憶できる最大数は、記憶スロットで決まり\n「メモリ・ストーン」で増やすことができる\n
402241	
402242	
402243	
402244	
402245	
402246	
402247	
402248	
402249	
402250	このメニューでは\n所持しているアイテムを木箱に格納したり\n格納したアイテムを取り出したりできる\n\n所持数の上限を超えてアイテムを取得すると\nそれらは自動的に木箱に格納される\n
402300	商いメニューでは、ルーンを消費して\nアイテムを購入することができる\n\nまた、アイテムを売却し\nルーンを得ることもできる\n\n商人により、販売されているアイテムは異なる\n
402301	
402302	
402303	
402304	
402305	
402306	
402307	
402308	
402309	
402310	鍛治屋メニューでは\n「鍛石」とルーンを消費して武器を強化できる\n\n武器のレベルが上がるほど\n強化に必要な素材のランクが上がり、\n数も多く必要になる
402311	
402312	
402313	
402314	
402315	
402316	
402317	
402318	
402319	
402320	戦灰メニューでは、「戦灰」を用いて\n武器に新しい戦技と属性を付与できる\n\n戦技は武器ごとに1つであり\n付与により、古い戦技は失われる\n\nまた付与された属性により、その武器の\n攻撃力属性、能力補正などが変化する\n\n付与は武器種別により制限され\n固有の戦技を持つなどの、特別な武器には\n戦灰を用いた戦技／属性の付与はできない\n
402321	
402322	
402323	
402324	
402325	
402326	
402327	
402328	
402329	
402330	調霊メニューでは\n「墓すずらん」とルーンを消費して\n遺灰から召喚する霊体を強化できる\n\nまた、名前付きの霊体の強化には\n「霊姿の墓すずらん」が必要となる\n
402331	
402332	
402333	
402334	
402335	
402336	
402337	
402338	
402339	
402340	竜餐魔法を会得することができる\n\n竜餐魔法を会得するには、竜餐の種を納める必要がある
402341	
402342	
402343	
402344	
402345	
402346	
402347	
402348	
402349	
402350	大ルーンメニューでは\n再び力を得た大ルーンを装備できる\n\n装備した大ルーンは\n「ルーンの弧」を使用することで\n大いなる恩恵をもたらす\n
402351	
402352	
402353	
402354	
402355	
402356	
402357	
402358	
402359	
402360	このメニューでは、霊薬の聖杯瓶に\n２つの結晶雫を配合できる\n\n配合により、霊薬は様々な特別な効果をもたらす\n
402361	
402362	
402363	
402364	
402365	
402366	
402367	
402368	
402369	
402370	産まれ直しメニューでは\n「雫の幼生」を消費して\nレベルアップを最初からやり直すことができる\n\n最終的なレベルを低くすることはできず\n能力値を、素性の初期値以下にもできない\n
402371	
402372	
402373	
402374	
402375	
402376	
402377	
402378	
402379	
402380	追憶の力メニューでは\n追憶から、その主の力を得ることができる\n\nひとつの追憶から、得られる力はひとつであり\n力を得ると、追憶は失われてしまう\n
402381	
402382	
402383	
402384	
402385	
402386	
402387	
402388	
402389	
402390	鍛冶台メニューでは\n「鍛石」とルーンを消費して武器を強化できる\n\n鍛冶台で強化できるのは「＋３」が上限となる\n\n狭間の地のどこかで、鍛冶屋を見つければ\nさらに上の段階の強化も可能になる\n
402391	
402392	
402393	
402394	
402395	
402396	
402397	
402398	
402399	
402400	追憶の複製メニューでは\n過去に手に入れた、追憶を複製できる\n（既に、主の力を得たものも含まれる）\n\nひとつの霊廟につき、複製は一度だけ可能となる\n
402500	闘技場メニューでは\n闘技形式、人数、遺灰の有無など\n対戦ルールを設定し、闘技に参戦できる\n\nまた、闘技場専用の合言葉を設定できる\n
