302600	影の地の各所で、影樹の破片を入手できる\n\n祝福で、それを消費することで\n「影樹の加護」を上げることができる\n\n影樹の加護は、それを受けた者の\n攻撃力とカット率を高めるが\n影の地の外では効果を発揮しない\n
302601	
302602	
302603	
302604	
302605	
302606	
302607	
302608	
302609	
302610	影の地の各所で、霊灰を入手できる\n\n祝福で、それを消費することで\n「霊灰の加護」を上げることができる\n\n霊灰の加護は、召喚する霊体と霊馬の\n攻撃力とカット率を高めるが\n影の地の外では効果を発揮しない\n
302611	
302612	
302613	
302614	
302615	
302616	
302617	
302618	
302619	
302620	システムメニューの表示タブから\n以下の新機能を設定することができる\n\n・初めて入手したアイテムに<?newItemIcon?>を表示する\n・最近入手したアイテムを専用のタブで確認する\n
402600	影樹の破片を消費して\n「影樹の加護」を上げることができる\n\n影樹の加護は、それを受けた者の\n攻撃力とカット率を高めるが\n影の地の外では効果を発揮しない\n
402601	
402602	
402603	
402604	
402605	
402606	
402607	
402608	
402609	
402610	霊灰を消費して\n「霊灰の加護」を上げることができる\n\n霊灰の加護は、召喚する霊体と霊馬の\n攻撃力とカット率を高めるが\n影の地の外では効果を発揮しない\n
