2000	ゲームのインストールが完了していないため、\nこの先へ進むことはできません
4000	仕掛けが動かない
4001	仕掛けで閉じられている
4002	
4003	
4004	
4005	
4006	
4007	
4008	
4009	
4010	こちらからは開かない
4080	固く閉ざされている
4100	入り口に戻りますか？
4200	どこかで、重い扉が開いた
4201	
4202	
4203	
4204	
4205	
4206	
4207	
4208	
4209	
4210	樹に還る者たちの導き、あるいは見送り
4300	別の場所へ移動しますか？
6000	サイン溜まりにサインを送れるようになりました
20000	拒絶の刺が、すべてを拒んでいる\n誰も、黄金樹に入ることはできない
20001	
20002	
20003	大ルーンの足りぬ者は、進むことができない
20004	大ルーンの足りぬ者は、使用できない
20005	祝福のモーゴットにより封印されている
20006	契りの指輪を持たぬ者は、進むことができない
20020	掲げるべき割符を持っていません
20021	掲げるべき割符を持っていません
20022	
20023	
20024	
20025	
20026	
20027	
20028	
20029	
20030	輝石鍵を持たぬ者は、進むことができない
20031	封印鍵を持たぬ者は、進むことができない
20032	
20033	
20034	
20035	
20036	
20037	
20038	
20039	
20040	何かを置く、台座のようだ
20041	
20042	
20043	
20044	
20045	
20046	
20047	
20048	
20049	
20050	指を持たぬ者に、扉は開かない
20100	敗残霊を召喚しますか？
20200	謎を解かぬ者は、入ることができない
20201	
20202	
20203	
20204	
20205	
20206	
20207	
20208	
20209	
20210	魔術師塔の封印が解かれた
20300	封牢の内に入りますか？
20400	緑エリアの竜餐ショップに新たな品が追加されました
20401	
20402	
20403	
20404	
20405	
20406	
20407	
20408	
20409	
20410	平原エリアの竜餐ショップに新たな品が追加されました
20500	インプの封印で閉じられている
20501	
20502	
20503	
20504	
20505	
20506	
20507	
20508	
20509	
20510	インプの封印が施されている
20600	獣の瞳が震えている
20700	転送罠にかかった！
30000	どこかで、街の封印が解かれた
30001	
30002	
30003	
30004	
30005	
30006	
30007	
30008	
30009	
30010	どこかで、角骸に力が宿った
30011	
30012	
30013	
30014	
30015	
30016	
30017	
30018	
30019	
30020	街の封印が解かれた
30021	封牢の内に入りますか？
30022	
30023	封印で閉ざされている
30024	
30025	
30026	
30027	
30028	
30029	
30030	どこかで封印が解かれた
30031	封印で閉ざされている
30032	
30033	
30034	
30035	
30036	
30037	
30038	
30039	
30040	今は使用できない
30041	
30042	
30043	
30044	
30045	
30046	
30047	
30048	
30049	
30050	今は閉ざされている
30051	今は閉ざされている
30052	
30053	
30054	
30055	
30056	
30057	
30058	
30059	
30060	大竜餐教会に、新しい竜の力が追加されました
30061	大竜餐教会に、新しい竜の力が追加されました
30062	大竜餐教会に、新しい竜の力が追加されました
30063	大竜餐教会に、新しい竜の力が追加されました
30064	大竜餐教会に、新しい竜の力が追加されました
30065	大竜餐教会に、新しい竜の力が追加されました
30066	大竜餐教会に、新しい竜の力が追加されました
30080	封印鍵で閉ざされている
30081	
30082	
30083	
30084	
30085	
30086	
30087	
30088	
30089	
30090	星を見られなかった姉妹\nクララとクラリス
30091	
30092	
30093	
30094	
30095	
30096	
30097	
30098	
30099	
30100	簡易な地図を手に入れました\nインベントリから確認してください
30101	簡易な地図を手に入れました\nインベントリから確認してください
30102	
30103	
30104	
30105	
30106	
30107	
30108	
30109	
30110	大壺の騎士の、赤の召喚サインが見えるようになりました
30111	
30112	
30113	
30114	
30115	
30116	
30117	
30118	
30119	
30120	双子の老婆から、新しいアイテムが購入できるようになりました
30121	
30122	
30123	
30124	
30125	
30126	
30127	
30128	
30129	
30130	原輝石が震えている\nセレンの体が、死んだようだ
30131	
30132	
30133	
30134	
30135	
30136	
30137	
30138	
30139	
30140	地図に赤い印が描き込まれました
30141	
30142	
30143	
30144	
30145	
30146	
30147	
30148	
30149	
30150	爛れた血指を持っていません
60011	三体の賢獣を探せ
60012	
60013	
60014	
60015	
60016	
60017	
60018	
60019	
60020	
60021	叡智を！
60022	三体の賢獣を探せ
60023	内容未定
60024	内容未定
60025	内容未定
60026	三体の大賢獣を探せ
60027	叡智の光を！
60028	
60029	
60030	
60031	三つの幻影紋章に触れよ
60032	
60033	
60034	
60035	
60036	
60037	
60038	
60039	
60040	
60041	確認中
60042	
60043	
60044	
60045	
60046	
60047	
60048	
60049	
60050	
60051	降る雪は、見えぬものを示す
60052	内容未定
60100	封牢の四像に火を灯せ
61010	黄金のゴドリック、屈辱の戦\nミケラの刃に、散々と敗れ\nひれ伏し、許しを請う
61011	ゴッドフレイ王の戦、最後の地\n黄金の軍勢は止まることなく勝ち続け\nだが祝福は失われ、色褪せた
61012	モーン攻城戦\n復讐の英雄、唯一人となって戦い\nゴッドフレイ王に敗れる
61013	
61014	
61015	
61016	
61017	
61018	
61019	
61020	マレニア南進の碑\nミケラの刃、貴腐の騎士\nその翼を阻むものなし
61021	第二次リエーニエ戦役\n黄金と月に勝者はなく\nだが贖いと、結びが生まれた
61022	カーリア城館防衛戦\n卑劣なるカッコウどもの屍場
61023	第一次リエーニエ戦役\n赤髪のラダゴン、英雄となる
61024	
61025	
61026	
61027	
61028	
61029	
61030	古竜戦役最後の地\n黄金のゴッドウィン勇戦し\n古竜フォルサクスを友とす
61031	第一次ローデイル防衛戦\n君主連合、内から瓦解し敗軍となる\n血の陰謀、その痕跡あり
61032	第二次ローデイル防衛戦\n忌み鬼、英雄の屍を築く\n黄金樹に揺らぎなし
61033	火山館攻略戦\n穢れた者たち、疫病、冒涜\n名誉なく、終わりもない惨戦
61034	
61035	
61036	
61037	
61038	
61039	
61040	エオニアの戦い\nラダーン、マレニアと相討ち\n朱い腐敗の花が咲き誇る
61041	星砕きの戦い\nラダーン、サリアの護りとなり\n唯一人星に対し、それを砕く
61042	
61043	
61044	
61045	
61046	
61047	
61048	
61049	
61050	巨人戦争\n英雄たちの戦い、トロルの裏切り\n火の敗れ、黄金樹の時代のはじまり
79000	代行者ジルベールに侵入されました！
79001	代行者ジルベールが死亡しました
79002	代行者ジルベールが帰還しました
80000	「血の指の狩人、ユラ」が召喚されました
80001	目的を果たし、「血の指の狩人、ユラ」が元の世界に戻りました
80002	「血の指の狩人、ユラ」が死亡しました
80003	「血の指の狩人、ユラ」が元の世界に戻りました
80004	
80005	
80006	
80007	
80008	
80009	
80010	「血の指、ネリウス」が元の世界に戻りました
80011	
80012	
80013	
80014	
80015	
80016	
80017	
80018	
80019	
80020	「タニスの騎士」に侵入されました！
80021	「タニスの騎士」が死亡しました
80601	「白面のヴァレー」の世界に侵入しますか？
80602	「古騎士、イシュトバーン」の世界に侵入しますか？
80603	「暮れなずむライリー」の世界に侵入しますか？
80604	「血潮の騎士、ユーノ・ホスロー」の世界に侵入しますか？
80605	「狼の戦鬼、バルグラム」たちの世界に侵入しますか？
80606	「大角のトラゴス」の世界に侵入しますか？
80607	「血の指の狩人、ユラ」の協力者として召喚されますか？
80608	「魔術師セレン」の協力者として召喚されますか？
80609	「魔術師セレン」の敵対者として召喚されますか？
80610	「ミリセント」の協力者として召喚されますか？
80611	「ミリセント」の敵対者として召喚されますか？
80612	「獣の爪、マグナス」の世界に侵入しますか？
80613	爛れた血指を消費して、「獣の爪、マグナス」の世界に侵入しますか？
80800	「城主ジェーレン」を召喚しました
80801	「城主ジェーレン」が死亡しました
80802	「城主ジェーレン」が元の世界に戻りました
80803	
80804	
80805	
80806	
80807	
80808	
80809	
80810	「半狼のブライヴ」を召喚しました
80811	「半狼のブライヴ」が死亡しました
80812	「半狼のブライヴ」が元の世界に戻りました
80813	
80814	
80815	
80816	
80817	
80818	
80819	
80820	「戦士の壺、アレキサンダー」を召喚しました
80821	「戦士の壺、アレキサンダー」が死亡しました
80822	「戦士の壺、アレキサンダー」が元の世界に戻りました
80823	
80824	
80825	
80826	
80827	
80828	
80829	
80830	「大角のトラゴス」を召喚しました
80831	「大角のトラゴス」が死亡しました
80832	「大角のトラゴス」が元の世界に戻りました
80833	
80834	
80835	
80836	
80837	
80838	
80839	
80840	「翁」を召喚しました
80841	「翁」が死亡しました
80842	「翁」が元の世界に戻りました
80843	
80844	
80845	
80846	
80847	
80848	
80849	
80850	「指巫女サロリナ」を召喚しました
80851	「指巫女サロリナ」が死亡しました
80852	「指巫女サロリナ」が元の世界に戻りました
80853	
80854	
80855	
80856	
80857	
80858	
80859	
80860	「豪胆ライオネル」を召喚しました
80861	「豪胆ライオネル」が死亡しました
80862	「豪胆ライオネル」が元の世界に戻りました
80863	
80864	
80865	
80866	
80867	
80868	
80869	
80870	「パッチ」を召喚しました
80871	「パッチ」が死亡しました
80872	「パッチ」が元の世界に戻りました
88000	闘技を開始します\n制限時間<?matchDuel_TotalTime?>秒
88001	闘技を開始します\n制限時間<?matchDM2_TotalTime?>秒
88002	闘技を開始します\n制限時間<?matchDM4_TotalTime?>秒
88003	闘技を開始します\n制限時間<?matchDM6_TotalTime?>秒
88004	闘技を開始します\n制限時間<?matchTM1vs1_TotalTime?>秒
88005	闘技を開始します\n制限時間<?matchTM2vs2_TotalTime?>秒
88006	闘技を開始します\n制限時間<?matchTM3vs3_TotalTime?>秒
88020	残り時間、<?matchDuel_SecondHalfTime?>秒
88021	残り時間、<?matchDM2_SecondHalfTime?>秒
88022	残り時間、<?matchDM4_SecondHalfTime?>秒
88023	残り時間、<?matchDM6_SecondHalfTime?>秒
88024	残り時間、<?matchTM1vs1_SecondHalfTime?>秒
88025	残り時間、<?matchTM2vs2_SecondHalfTime?>秒
88026	残り時間、<?matchTM3vs3_SecondHalfTime?>秒
88040	闘技終了
88041	
88042	
88043	
88044	
88045	
88046	
88047	
88048	
88049	
88050	貴方は闘技に勝利しました！
88051	貴方は闘技に引き分けました
88052	貴方は闘技に敗北しました
90000	ここから先は製品版でお楽しみください
90001	
90002	
90003	
90004	
90005	
90006	
90007	
90008	
90009	
90010	今は使えない
108000	<?gdsparam@8000?>を使いますか？
108001	
108002	
108003	
108004	
108005	
108006	
108007	
108008	
108009	
108010	<?gdsparam@8010?>を使いますか？
108186	<?gdsparam@8186?>を使いますか？
208000	使用した<?gdsparam@8000?>が失われました
208001	
208002	
208003	
208004	
208005	
208006	
208007	
208008	
208009	
208010	<?gdsparam@8010?>を使いました
208134	<?gdsparam@8134?>を使いました
208169	<?gdsparam@8169?>を使いました
208170	
208171	
208172	
208173	
208174	
208175	
208176	
208177	
208178	<?gdsparam@8178?>を使いました
208179	
208180	
208181	
208182	
208183	
208184	
208185	
208186	使用した<?gdsparam@8186?>が失われました
208197	<?gdsparam@8197?>を使いました
208198	
208199	<?gdsparam@8199?>を使いました
308000	<?gdsparam@8000?>がありません
308186	<?gdsparam@8186?>がありません
408000	<?gdsparam@8000?>が足りません
