2120000	この協力者を召喚しますか？
2120100	この敵対者を召喚しますか？
2120200	侵入者に侵入された時、自動的に\n他世界に狩人の召喚を要請する状態になりました
2120201	狩人の召喚を要請する状態を解除しました
2120202	
2120203	
2120204	
2120205	
2120206	
2120207	
2120208	
2120209	
2120210	他世界から狩人の召喚要請があった時\nそれに応える状態になりました
2120211	狩人の召喚要請に応える状態を解除しました
2121000	この召喚サインを取り消しますか？
2200000	あなたの書いた召喚サインは取り消されました
2200200	侵入は取り消されました
2200300	指薬の効果は解除されました
2210000	召喚サインの作成に失敗しました
2300000	協力者を召喚しています
2300001	
2300002	
2300003	
2300004	
2300005	
2300006	
2300007	
2300008	
2300009	
2300010	協力者を召喚しています
2300100	敵対者を召喚しています
2301000	他世界に召喚されています
2301100	他世界に召喚されています
2301200	他世界に侵入しています
2301201	
2301202	
2301203	
2301204	
2301205	
2301206	
2301207	
2301208	
2301209	
2301210	他世界に侵入しています
2301304	他世界に召喚されています
2302000	他の協力者が召喚されています
2302001	
2302002	
2302003	
2302004	
2302005	
2302006	
2302007	
2302008	
2302009	
2302010	他の協力者が召喚されています
2302100	他の敵対者が召喚されています
2311000	協力者として、他世界に召喚されます
2311100	敵対者として、他世界に召喚されます
2311200	侵入者として、他世界に侵入します
2311201	
2311202	
2311203	
2311204	
2311205	
2311206	
2311207	
2311208	
2311209	
2311210	侵入者として、他世界に侵入します
2311304	狩人として、他世界に召喚されます
2311413	全ての闘士が揃いました
2331200	他世界への侵入を試みています（近辺のみ）
2331201	他世界への侵入を試みています（遠方を含む）
2331202	潰れ狩りの召喚を要請しています
2331203	
2331204	
2331205	
2331206	
2331207	
2331208	
2331209	
2331210	他世界への侵入を試みています（近辺のみ）
2331211	他世界への侵入を試みています（遠方を含む）
2331300	協力サインをサイン溜まりに送っています（近辺のみ）
2331301	敵対サインをサイン溜まりに送っています（近辺のみ）
2331302	
2331303	
2331304	
2331305	協力サインをサイン溜まりに送っています（遠方を含む）
2331306	敵対サインをサイン溜まりに送っています（遠方を含む）
2341413	全ての闘士が揃うまでお待ちください\n（あと<?matchRemainingCount?>名）
2351413	全ての闘士が揃うまでお待ちください\n（あと味方<?matchRemainingMyCount?>名、敵<?matchRemainingEnemyCount?>名）
2410000	協力者を召喚できませんでした\nセッションに参加できませんでした
2410100	敵対者を召喚できませんでした\nセッションに参加できませんでした
2411000	召喚されませんでした\nセッションに参加できませんでした
2411100	召喚されませんでした\nセッションに参加できませんでした
2411200	侵入できませんでした\nセッションに参加できませんでした
2411201	
2411202	
2411203	
2411204	
2411205	
2411206	
2411207	
2411208	
2411209	
2411210	侵入できませんでした\nセッションに参加できませんでした
2411304	召喚されませんでした\nセッションに参加できませんでした
2450000	元の世界で死亡したため\n協力者の召喚は取り消されました
2450100	元の世界で死亡したため\n敵対者の召喚は取り消されました
2460000	協力者を召喚できませんでした\n一定時間応答がありませんでした
2460100	敵対者を召喚できませんでした\n一定時間応答がありませんでした
2461000	召喚されませんでした\n一定時間応答がありませんでした
2461100	召喚されませんでした\n一定時間応答がありませんでした
2461200	侵入できませんでした\n一定時間応答がありませんでした
2461201	
2461202	
2461203	
2461204	
2461205	
2461206	
2461207	
2461208	
2461209	
2461210	侵入できませんでした\n一定時間応答がありませんでした
2461304	召喚されませんでした\n一定時間応答がありませんでした
2490000	協力者を召喚できませんでした
2490100	敵対者を召喚できませんでした
2491000	召喚されませんでした
2491100	召喚されませんでした
2491200	侵入できませんでした
2491201	
2491202	
2491203	
2491204	
2491205	
2491206	
2491207	
2491208	
2491209	
2491210	侵入できませんでした
2491304	召喚されませんでした
2510000	協力者を召喚できませんでした\nセッション作成に失敗しました
2510100	敵対者を召喚できませんでした\nセッション作成に失敗しました
2521000	召喚されませんでした\nセッション参加に失敗しました
2521100	召喚されませんでした\nセッション参加に失敗しました
2521200	侵入できませんでした\nセッション参加に失敗しました
2521201	
2521202	
2521203	
2521204	
2521205	
2521206	
2521207	
2521208	
2521209	
2521210	侵入できませんでした\nセッション参加に失敗しました
2521304	召喚されませんでした\nセッション参加に失敗しました
2600000	鉤指<?joinName?>を協力者として召喚しました
2600001	
2600002	
2600003	
2600004	
2600005	
2600006	
2600007	
2600008	
2600009	
2600010	<?joinName?>を協力者として召喚しました
2600100	闘士<?joinName?>を敵対者として召喚しました
2600200	血の指<?joinName?>に侵入されました！
2600201	
2600202	
2600203	
2600204	
2600205	
2600206	
2600207	
2600208	
2600209	
2600210	背律者<?joinName?>に侵入されました！
2600211	
2600212	
2600213	
2600214	
2600215	
2600216	
2600217	
2600218	
2600219	
2600220	<?joinName?>に侵入されました！
2600221	
2600222	
2600223	
2600224	
2600225	
2600226	
2600227	
2600228	
2600229	
2600230	<?joinName?>に侵入されました！
2600231	
2600232	
2600233	
2600234	
2600235	
2600236	
2600237	
2600238	
2600239	
2600240	<?joinName?>に侵入されました！
2600304	狩人<?joinName?>が召喚されました
2601000	協力者（鉤指）として召喚されました\n鉤指の主<?hostName?>と共にエリアボスを倒してください
2601100	敵対者（闘士）として召喚されました\n鉤指の主<?hostName?>を倒してください
2601200	他世界に侵入しました\n鉤指の主<?hostName?>を倒してください
2601201	
2601202	
2601203	
2601204	
2601205	
2601206	
2601207	
2601208	
2601209	
2601210	他世界に侵入しました\n鉤指の主<?hostName?>を倒してください
2601304	鉤指の主<?hostName?>の世界に、狩人として召喚されました\n血の指<?joinName?>を倒してください
2601409	他世界に召喚されました
2601410	他世界に侵入しました\n<?hostName?>を倒してください
2601411	他世界に侵入しました\n<?hostName?>を倒してください
2601412	他世界に侵入しました\n「白面のヴァレー」を倒してください
2601413	他世界に侵入しました\n「古騎士、イシュトバーン」を倒してください
2601414	他世界に侵入しました\n「暮れなずむライリー」を倒してください
2601415	他世界に侵入しました\n「血潮の騎士、ユーノ・ホスロー」を倒してください
2601416	他世界に侵入しました\n「狼の戦鬼、バルグラム」たちを倒してください
2601417	他世界に侵入しました\n「大角のトラゴス」を倒してください
2601418	他世界に召喚されました\n「血の指、カラス山の凶手」を倒してください
2601419	他世界に召喚されました\n「魔術師セレン」を倒してください
2601420	他世界に召喚されました\n「魔女狩り、ジェーレン」を倒してください
2601421	他世界に召喚されました\nミリセントの姉妹たちを倒してください
2601422	他世界に召喚されました\n「ミリセント」を倒してください
2601423	襲撃を受けました！\n「王骸のエンシャ」を倒してください
2601424	他世界に侵入しました\n「獣の爪、マグナス」を倒してください
2602000	鉤指<?joinName?>が協力者として召喚されました
2602001	
2602002	
2602003	
2602004	
2602005	
2602006	
2602007	
2602008	
2602009	
2602010	<?joinName?>が協力者として召喚されました
2602100	闘士<?joinName?>が敵対者として召喚されました
2602200	血の指<?joinName?>に侵入されました！
2602201	
2602202	
2602203	
2602204	
2602205	
2602206	
2602207	
2602208	
2602209	
2602210	背律者<?joinName?>に侵入されました！
2602211	
2602212	
2602213	
2602214	
2602215	
2602216	
2602217	
2602218	
2602219	
2602220	<?joinName?>に侵入されました！
2602221	
2602222	
2602223	
2602224	
2602225	
2602226	
2602227	
2602228	
2602229	
2602230	<?joinName?>に侵入されました！
2602231	
2602232	
2602233	
2602234	
2602235	
2602236	
2602237	
2602238	
2602239	
2602240	<?joinName?>に侵入されました！
2602241	
2602242	
2602243	
2602244	
2602245	
2602246	
2602247	
2602248	
2602249	
2602250	血の指<?joinName?>が侵入しました
2602251	
2602252	
2602253	
2602254	
2602255	
2602256	
2602257	
2602258	
2602259	
2602260	背律者<?joinName?>が侵入しました
2602261	
2602262	
2602263	
2602264	
2602265	
2602266	
2602267	
2602268	
2602269	
2602270	<?joinName?>が侵入しました
2602271	
2602272	
2602273	
2602274	
2602275	
2602276	
2602277	
2602278	
2602279	
2602280	<?joinName?>が侵入しました
2602281	
2602282	
2602283	
2602284	
2602285	
2602286	
2602287	
2602288	
2602289	
2602290	<?joinName?>が侵入しました
2602304	狩人<?joinName?>が召喚されました
2602354	狩人<?joinName?>が召喚されました
2610304	目的を果たし、狩人<?leaveName?>が元の世界に戻りました
2611000	目的を達成しました。元の世界に戻ります
2611001	
2611002	
2611003	
2611004	
2611005	
2611006	
2611007	
2611008	
2611009	
2611010	遠い場所で、鉤指の主が目的を達成しました\n元の世界に戻ります
2611100	鉤指の主を倒しました。元の世界に戻ります
2611200	鉤指の主を倒しました。元の世界に戻ります
2611201	
2611202	
2611203	
2611204	
2611205	
2611206	
2611207	
2611208	
2611209	
2611210	鉤指の主を倒しました。元の世界に戻ります
2611304	侵入者を倒しました。元の世界に戻ります
2611409	目的を達成しました。元の世界に戻ります
2611410	目的を達成しました。元の世界に戻ります
2611411	目的を達成しました。元の世界に戻ります
2611412	「白面のヴァレー」を倒しました。元の世界に戻ります
2611413	「古騎士、イシュトバーン」を倒しました。元の世界に戻ります
2611414	「暮れなずむライリー」を倒しました。元の世界に戻ります
2611415	「血潮の騎士、ユーノ・ホスロー」を倒しました。元の世界に戻ります
2611416	「狼の戦鬼、バルグラム」たちを倒しました。元の世界に戻ります
2611417	「大角のトラゴス」を倒しました。元の世界に戻ります
2611418	「血の指、カラス山の凶手」を倒しました。元の世界に戻ります
2611419	「魔術師セレン」を倒しました。元の世界に戻ります
2611420	「魔女狩り、ジェーレン」を倒しました。元の世界に戻ります
2611421	ミリセントの姉妹たちを倒しました。元の世界に戻ります
2611422	「ミリセント」を倒しました。元の世界に戻ります
2611423	「王骸のエンシャ」を倒しました
2611424	「獣の爪、マグナス」を倒しました。元の世界に戻ります
2612304	目的を果たし、狩人<?leaveName?>が元の世界に戻りました
2620000	鉤指<?deadName?>が死亡しました
2620001	
2620002	
2620003	
2620004	
2620005	
2620006	
2620007	
2620008	
2620009	
2620010	<?deadName?>が死亡しました
2620100	闘士<?deadName?>が死亡しました
2620200	血の指<?deadName?>が死亡しました
2620201	
2620202	
2620203	
2620204	
2620205	
2620206	
2620207	
2620208	
2620209	
2620210	背律者<?deadName?>が死亡しました
2620211	
2620212	
2620213	
2620214	
2620215	
2620216	
2620217	
2620218	
2620219	
2620220	<?deadName?>が死亡しました
2620221	
2620222	
2620223	
2620224	
2620225	
2620226	
2620227	
2620228	
2620229	
2620230	<?deadName?>が死亡しました
2620231	
2620232	
2620233	
2620234	
2620235	
2620236	
2620237	
2620238	
2620239	
2620240	<?deadName?>が死亡しました
2620304	狩人<?deadName?>が死亡しました
2620430	<?roleName?> <?deadName?>が撃破されました
2621000	あなたは死亡しました。元の世界に戻ります
2621100	あなたは死亡しました。元の世界に戻ります
2621200	あなたは死亡しました。元の世界に戻ります
2621201	
2621202	
2621203	
2621204	
2621205	
2621206	
2621207	
2621208	
2621209	
2621210	あなたは死亡しました。元の世界に戻ります
2621304	あなたは死亡しました。元の世界に戻ります
2621409	あなたは死亡しました。元の世界に戻ります
2621410	あなたは死亡しました。元の世界に戻ります
2621411	あなたは死亡しました。元の世界に戻ります
2621412	あなたは死亡しました。元の世界に戻ります
2621413	あなたは死亡しました。元の世界に戻ります
2621414	あなたは死亡しました。元の世界に戻ります
2621415	あなたは死亡しました。元の世界に戻ります
2621416	あなたは死亡しました。元の世界に戻ります
2621417	あなたは死亡しました。元の世界に戻ります
2621418	あなたは死亡しました。元の世界に戻ります
2621419	あなたは死亡しました。元の世界に戻ります
2621420	あなたは死亡しました。元の世界に戻ります
2621421	あなたは死亡しました。元の世界に戻ります
2621422	あなたは死亡しました。元の世界に戻ります
2621423	あなたは死亡しました
2621424	あなたは死亡しました。元の世界に戻ります
2621425	
2621426	
2621427	
2621428	
2621429	
2621430	あなたは撃破されました\n復活し、再び参戦します
2622000	鉤指<?deadName?>が死亡しました
2622001	
2622002	
2622003	
2622004	
2622005	
2622006	
2622007	
2622008	
2622009	
2622010	<?deadName?>が死亡しました
2622100	闘士<?deadName?>が死亡しました
2622200	血の指<?deadName?>が死亡しました
2622201	
2622202	
2622203	
2622204	
2622205	
2622206	
2622207	
2622208	
2622209	
2622210	背律者<?deadName?>が死亡しました
2622211	
2622212	
2622213	
2622214	
2622215	
2622216	
2622217	
2622218	
2622219	
2622220	<?deadName?>が死亡しました
2622221	
2622222	
2622223	
2622224	
2622225	
2622226	
2622227	
2622228	
2622229	
2622230	<?deadName?>が死亡しました
2622231	
2622232	
2622233	
2622234	
2622235	
2622236	
2622237	
2622238	
2622239	
2622240	<?deadName?>が死亡しました
2622304	狩人<?deadName?>が死亡しました
2630000	鉤指<?leaveName?>が元の世界に戻りました
2630001	
2630002	
2630003	
2630004	
2630005	
2630006	
2630007	
2630008	
2630009	
2630010	<?leaveName?>が元の世界に戻りました
2630100	闘士<?leaveName?>が元の世界に戻りました
2630200	血の指<?leaveName?>が元の世界に戻りました
2630201	
2630202	
2630203	
2630204	
2630205	
2630206	
2630207	
2630208	
2630209	
2630210	背律者<?leaveName?>が元の世界に戻りました
2630211	
2630212	
2630213	
2630214	
2630215	
2630216	
2630217	
2630218	
2630219	
2630220	<?leaveName?>が元の世界に戻りました
2630221	
2630222	
2630223	
2630224	
2630225	
2630226	
2630227	
2630228	
2630229	
2630230	<?leaveName?>が元の世界に戻りました
2630231	
2630232	
2630233	
2630234	
2630235	
2630236	
2630237	
2630238	
2630239	
2630240	<?leaveName?>が元の世界に戻りました
2630304	狩人<?leaveName?>が元の世界に戻りました
2631000	元の世界に戻ります
2631100	元の世界に戻ります
2631200	元の世界に戻ります
2631201	
2631202	
2631203	
2631204	
2631205	
2631206	
2631207	
2631208	
2631209	
2631210	元の世界に戻ります
2631304	元の世界に戻ります
2631409	元の世界に戻ります
2631410	元の世界に戻ります
2631411	元の世界に戻ります
2631412	元の世界に戻ります
2631413	元の世界に戻ります
2631414	元の世界に戻ります
2631415	元の世界に戻ります
2631416	元の世界に戻ります
2631417	元の世界に戻ります
2631418	元の世界に戻ります
2631419	元の世界に戻ります
2631420	元の世界に戻ります
2631421	元の世界に戻ります
2631422	元の世界に戻ります
2631423	
2631424	元の世界に戻ります
2632000	鉤指<?leaveName?>が元の世界に戻りました
2632001	
2632002	
2632003	
2632004	
2632005	
2632006	
2632007	
2632008	
2632009	
2632010	<?leaveName?>が元の世界に戻りました
2632100	闘士<?leaveName?>が元の世界に戻りました
2632200	血の指<?leaveName?>が元の世界に戻りました
2632201	
2632202	
2632203	
2632204	
2632205	
2632206	
2632207	
2632208	
2632209	
2632210	背律者<?leaveName?>が元の世界に戻りました
2632211	
2632212	
2632213	
2632214	
2632215	
2632216	
2632217	
2632218	
2632219	
2632220	<?leaveName?>が元の世界に戻りました
2632221	
2632222	
2632223	
2632224	
2632225	
2632226	
2632227	
2632228	
2632229	
2632230	<?leaveName?>が元の世界に戻りました
2632231	
2632232	
2632233	
2632234	
2632235	
2632236	
2632237	
2632238	
2632239	
2632240	<?leaveName?>が元の世界に戻りました
2632304	狩人<?leaveName?>が元の世界に戻りました
2640000	鉤指<?leaveName?>を元の世界に送還しました
2640001	
2640002	
2640003	
2640004	
2640005	
2640006	
2640007	
2640008	
2640009	
2640010	<?leaveName?>を元の世界に送還しました
2640304	狩人<?leaveName?>を元の世界に送還しました
2640305	闘士<?leaveName?>を元の世界に送還しました
2641000	鉤指の主に送還されました。元の世界に戻ります
2641304	鉤指の主に送還されました。元の世界に戻ります
2641305	鉤指の主に送還されました。元の世界に戻ります
2642000	鉤指<?leaveName?>が元の世界に送還されました
2642001	
2642002	
2642003	
2642004	
2642005	
2642006	
2642007	
2642008	
2642009	
2642010	<?leaveName?>が元の世界に送還されました
2642304	狩人<?leaveName?>が元の世界に送還されました
2642305	闘士<?leaveName?>が元の世界に送還されました
2650430	あなたは撃破されました\n復活し、再び参戦します
2651000	鉤指の主が死亡しました。元の世界に戻ります
2651304	鉤指の主が死亡しました。元の世界に戻ります
2651420	「魔術師セレン」が死亡しました。元の世界に戻ります
2651421	「ミリセント」が死亡しました。元の世界に戻ります
2651422	
2651423	
2651424	
2651425	
2651426	
2651427	
2651428	
2651429	
2651430	<?roleName?><?deadName?>が撃破されました
2661000	エリアボスに挑めるようになりました
2661100	鉤指の主がエリアボスと戦いはじめました。元の世界に戻ります
2661200	鉤指の主がエリアボスと戦いはじめました。元の世界に戻ります
2661201	
2661202	
2661203	
2661204	
2661205	鉤指の主がエリアボスと戦いはじめました。元の世界に戻ります
2661206	
2661207	
2661208	
2661209	
2661210	鉤指の主が目的を達成しました。元の世界に戻ります
2661211	
2661212	
2661213	
2661214	
2661215	
2661216	
2661217	
2661218	
2661219	
2661220	鉤指の主が目的を達成しました。元の世界に戻ります
2661221	
2661222	
2661223	
2661224	
2661225	鉤指の主が目的を達成しました。元の世界に戻ります
2661304	鉤指の主がエリアボスと戦いはじめました。元の世界に戻ります
2670304	狩人<?leaveName?>が元の世界に戻りました
2672304	狩人<?leaveName?>が元の世界に戻りました
2681100	鉤指の主が、このエリアを離れました。元の世界に戻ります
2700430	<?roleName?><?leaveName?>が闘技から離脱しました
2701000	接続に問題が発生しました。元の世界に戻ります
2701100	接続に問題が発生しました。元の世界に戻ります
2701200	接続に問題が発生しました。元の世界に戻ります
2701201	
2701202	
2701203	
2701204	
2701205	
2701206	
2701207	
2701208	
2701209	
2701210	接続に問題が発生しました。元の世界に戻ります
2701304	接続に問題が発生しました。元の世界に戻ります
2701430	接続に問題が発生しました\n闘技から離脱します
2702430	<?roleName?><?leaveName?>が闘技から離脱しました
2712200	血の指<?deadName?>を倒しました\n目的を果たし、元の世界に戻ります
2712201	
2712202	
2712203	
2712204	
2712205	
2712206	
2712207	
2712208	
2712209	
2712210	背律者<?deadName?>を倒しました\n目的を果たし、元の世界に戻ります
2712211	
2712212	
2712213	
2712214	
2712215	
2712216	
2712217	
2712218	
2712219	
2712220	<?deadName?>を倒しました\n目的を果たし、元の世界に戻ります
2712221	
2712222	
2712223	
2712224	
2712225	
2712226	
2712227	
2712228	
2712229	
2712230	<?deadName?>を倒しました\n目的を果たし、元の世界に戻ります
2712231	
2712232	
2712233	
2712234	
2712235	
2712236	
2712237	
2712238	
2712239	
2712240	<?deadName?>を倒しました\n目的を果たし、元の世界に戻ります
2722200	血の指<?leaveName?>が元の世界に戻りました\n元の世界に戻ります
2722201	
2722202	
2722203	
2722204	
2722205	
2722206	
2722207	
2722208	
2722209	
2722210	背律者<?leaveName?>が元の世界に戻りました\n元の世界に戻ります
2722211	
2722212	
2722213	
2722214	
2722215	
2722216	
2722217	
2722218	
2722219	
2722220	<?leaveName?>が元の世界に戻りました\n元の世界に戻ります
2722221	
2722222	
2722223	
2722224	
2722225	
2722226	
2722227	
2722228	
2722229	
2722230	<?leaveName?>が元の世界に戻りました\n元の世界に戻ります
2722231	
2722232	
2722233	
2722234	
2722235	
2722236	
2722237	
2722238	
2722239	
2722240	<?leaveName?>が元の世界に戻りました\n元の世界に戻ります
2731430	<?roleName?><?deadName?>を撃破しました
2741000	鉤指の主が、このエリアを離れました。元の世界に戻ります
2741100	鉤指の主が、このエリアを離れました。元の世界に戻ります
2741200	鉤指の主が、このエリアを離れました。元の世界に戻ります
2741201	
2741202	
2741203	
2741204	
2741205	
2741206	
2741207	
2741208	
2741209	
2741210	鉤指の主が、このエリアを離れました。元の世界に戻ります
2741304	鉤指の主が、このエリアを離れました。元の世界に戻ります
2751413	闘技を開始できませんでした\n闘技から離脱します
2760413	全ての闘士が闘技から離脱しました\n闘技から離脱します
2920000	マルチプレイ領域の外に出ています\n領域内に移動します
3000000	メッセージが評価されました
3000001	ネットワークエラーのためメッセージの作成に失敗しました
3000100	このサイン溜まりが有効になりました
3000200	<?codenameIcon?><?codenamePCName?>が、破片の君主を倒しました！
3000201	<?codenameIcon?>グループの誰かが、破片の君主を倒しました！
3000202	グループ内の誰かが、偉業を達成しました
3000203	
3000204	
3000205	
3000206	
3000207	
3000208	
3000209	
3000210	<?codenameIcon?><?codenamePCName?>が、エルデの王となりました
3000211	<?codenameIcon?>グループの誰かが、エルデの王となりました
3000212	
3000213	
3000214	
3000215	
3000216	
3000217	
3000218	
3000219	
3000220	<?codenameIcon?><?codenamePCName?>が、エルデの王となりました
3000221	<?codenameIcon?>グループの誰かが、エルデの王となりました
3000222	
3000223	
3000224	
3000225	
3000226	
3000227	
3000228	
3000229	
3000230	<?codenameIcon?><?codenamePCName?>が、エルデの王となりました
3000231	<?codenameIcon?>グループの誰かが、エルデの王となりました
3000232	
3000233	
3000234	
3000235	
3000236	
3000237	
3000238	
3000239	
3000240	<?codenameIcon?><?codenamePCName?>が、エルデの王となりました
3000241	<?codenameIcon?>グループの誰かが、エルデの王となりました
3000242	
3000243	
3000244	
3000245	
3000246	
3000247	
3000248	
3000249	
3000250	<?codenameIcon?><?codenamePCName?>が、王となりました
3000251	<?codenameIcon?>グループの誰かが、王となりました
3000252	
3000253	
3000254	
3000255	
3000256	
3000257	
3000258	
3000259	
3000260	<?codenameIcon?><?codenamePCName?>が、王となりました
3000261	<?codenameIcon?>グループの誰かが、王となりました
3000262	
3000263	
3000264	
3000265	
3000266	
3000267	
3000268	
3000269	
3000270	<?codenameIcon?><?codenamePCName?>が、王となりました
3000271	<?codenameIcon?>グループの誰かが、王となりました
3000272	
3000273	
3000274	
3000275	
3000276	
3000277	
3000278	
3000279	
3000280	<?codenameIcon?><?codenamePCName?>が、王となりました
3000281	<?codenameIcon?>グループの誰かが、王となりました
