1	
2	
100	联机游玩专用道具。\n向解指女巫们请求，获得的证明。\n\n受崩指入侵时，\n能从其他世界召唤崩指猎人。\n\n解指女巫轻喃，诉说崩指令人不齿的背叛，\n以及不入流的入侵行为带来的危险性。
101	联机游玩专用道具。\n与解指女巫们订下契约的证明。\n\n当其他玩家受崩指入侵时，\n能够接受召唤，前往该名玩家的世界。\n\n崩指是解指中的叛徒，\n也是侵害褪色者连结彼此的恶瘤──\n因此必须切除，以及根绝。
1000	镶有红色琥珀的链坠。\n能提升血量的上限。\n\n琥珀为黄金树的古老露滴，\n在“初始艾尔登之王”葛孚雷的时代\n被视为特殊的宝石。\n\n生命的原始力量蕴藏其中。
1001	镶有红色琥珀的链坠。\n能大幅提升血量的上限。\n\n琥珀为黄金树的古老露滴，\n在“初始艾尔登之王”葛孚雷的时代\n被视为特殊的宝石。\n\n生命的原始力量蕴藏其中。
1002	镶有红色琥珀的链坠。\n能更大幅提升血量的上限。\n\n琥珀为黄金树的古老露滴，\n在“初始艾尔登之王”葛孚雷的时代\n被视为特殊的宝石。\n\n生命的原始力量蕴藏其中。
1003	
1004	
1005	
1006	
1007	
1008	
1009	
1010	镶有蓝色琥珀的链坠。\n能提升专注值的上限。\n\n琥珀为黄金树的古老露滴，\n在“初始艾尔登之王”葛孚雷的时代\n被视为特殊的宝石。\n\n生命的原始力量蕴藏其中。
1011	镶有蓝色琥珀的链坠。\n能大幅提升专注值的上限。\n\n琥珀为黄金树的古老露滴，\n在“初始艾尔登之王”葛孚雷的时代\n被视为特殊的宝石。\n\n生命的原始力量蕴藏其中。
1012	镶有蓝色琥珀的链坠。\n能更大幅提升专注值的上限。\n\n琥珀为黄金树的古老露滴，\n在“初始艾尔登之王”葛孚雷的时代\n被视为特殊的宝石。\n\n生命的原始力量蕴藏其中。
1013	
1014	
1015	
1016	
1017	
1018	
1019	
1020	镶有绿色琥珀的链坠。\n能提升精力的上限。\n\n琥珀为黄金树的古老露滴，\n在“初始艾尔登之王”葛孚雷的时代\n被视为特殊的宝石。\n\n生命的原始力量蕴藏其中。
1021	镶有绿色琥珀的链坠。\n能大幅提升精力的上限。\n\n琥珀为黄金树的古老露滴，\n在“初始艾尔登之王”葛孚雷的时代\n被视为特殊的宝石。\n\n生命的原始力量蕴藏其中。
1022	镶有绿色琥珀的链坠。\n能更大幅提升精力的上限。\n\n琥珀为黄金树的古老露滴，\n在“初始艾尔登之王”葛孚雷的时代\n被视为特殊的宝石。\n\n生命的原始力量蕴藏其中。
1023	
1024	
1025	
1026	
1027	
1028	
1029	
1030	众多武器聚集成块的铁制护符。\n能提升装备重量的上限。\n\n从复仇英雄的知名武器──\n异形大剑发想、制成的护符。
1031	众多武器聚集成块的铁制护符。\n能大幅提升装备重量的上限。\n\n从复仇英雄的知名武器──\n异形大剑发想、制成的护符。
1032	众多武器涌出大壶的护符。\n能更大幅提升装备重量的上限。\n\n大壶将此护符赠予自己的战士们。\n\n　拿多一些，好好长大喔。
1033	
1034	
1035	
1036	
1037	
1038	
1039	
1040	黄金树特殊恩惠的象征。\n能些微提升血量、精力，以及装备重量的上限。\n\n据说在黄金树时代之始，\n玛莉卡女王亲自赐予此护符。
1041	黄金树特殊恩惠的象征。\n能提升血量、精力，以及装备重量的上限。\n\n据说在黄金树时代之始，\n玛莉卡女王亲自赐予此护符。
1042	黄金树特殊恩惠的象征。\n“传说中的护符”之一。\n\n能大幅提升血量、精力，以及装备重量的上限。\n\n据说在黄金树时代之始，\n玛莉卡女王亲自赐予此护符。
1043	
1044	
1045	
1046	
1047	
1048	
1049	
1050	受艾尔登卢恩雕琢的眼珠。\n据说是王夫拉达冈的烙印。\n\n能提升生命力、耐力、力气、灵巧，\n但增加受到的损伤。\n\n烙印是被神祇找上的人物\n受赐生涯使命的证明。
1051	受艾尔登卢恩雕琢的眼珠。\n“传说中的护符”之一。\n据说是王夫拉达冈的烙印。\n\n能大幅提升生命力、耐力、力气、灵巧，\n但大幅增加受到的损伤。\n\n沉重的使命会侵蚀肩负者，\n犹如无法逃离的诅咒。
1052	
1053	
1054	
1055	
1056	
1057	
1058	
1059	
1060	雕制关于英雄传说的护符。\n能提升力气。\n\n被誉为最强半神的英雄，\n独自挑战、粉碎坠落的星星。\n据说从那之后，星星的命运就受到封印。
1061	
1062	
1063	
1064	
1065	
1066	
1067	
1068	
1069	
1070	雕制关于英雄传说的护符。\n能提升灵巧。\n\n生来就受到宿疾侵蚀的少女，\n邂逅了老师，以及他的流水剑。\n据说她因此获得了无敌的飞翼。
1071	
1072	
1073	
1074	
1075	
1076	
1077	
1078	
1079	
1080	雕制关于女王传说的护符。\n能提升智力。\n\n观星少女仰望夜空步行，\n度过一段不停追赶星星的旅行。\n随后她遇见了满月，成为女王。
1081	
1082	
1083	
1084	
1085	
1086	
1087	
1088	
1089	
1090	雕制关于双指传说的护符。\n能提升信仰。\n\n指头无法发声，却能言善道；\n指头固执蠕动，空中布满奥秘──\n随后我们得到了话语，那信仰的话语。
1091	
1092	
1093	
1094	
1095	
1096	
1097	
1098	
1099	
1100	各种宝藏、贵重物品的搬运工──\n以粪金龟的形象制成的护符。\n\n银色的护符能提升观察力。
1101	
1102	
1103	
1104	
1105	
1106	
1107	
1108	
1109	
1110	各种宝藏、贵重物品的搬运工──\n以粪金龟的形象制成的护符。\n\n金色的护符在打倒敌人时，\n能增加获得的卢恩。
1140	“永恒之城”诺克史黛拉的秘密宝藏。\n“传说中的护符”之一。\n\n能增加记忆空格。\n\n此为参考他们失去的黑色月亮制成。\n无数的星星跟随着诺克史黛拉的月亮。
1141	
1142	
1143	
1144	
1145	
1146	
1147	
1148	
1149	
1150	参考绿乌龟的模样制成的护符。\n能提升精力的恢复速度。\n\n乌龟是著名的营养食材，为精力无穷的象征。\n\n据说称呼乌龟为睿智兽物的人们，\n认为那是野蛮的习俗。
1151	
1152	
1153	
1154	
1155	
1156	
1157	
1158	
1159	
1160	祖灵之民的装饰品。\n能提升健壮度。\n（健壮度是对出血、冻伤的抵抗力。）\n\n据说此为即将萌发的角。\n长命野兽的角会长出新芽，\n在不停萌发新芽之后，野兽会成为祖灵。
1161	祖灵之民的装饰品。\n能大幅提升健壮度。\n（健壮度是对出血、冻伤的抵抗力。）\n\n据说此为即将萌发的角。\n长命野兽的角会长出新芽，\n在不停萌发新芽之后，野兽会成为祖灵。
1162	
1163	
1164	
1165	
1166	
1167	
1168	
1169	
1170	祖灵之民的装饰品。\n能提升免疫力。\n（免疫力是对中毒、腐败的抵抗力。）\n\n据说此为即将萌发的角。\n长命野兽的角会长出新芽，\n在不停萌发新芽之后，野兽会成为祖灵。
1171	祖灵之民的装饰品。\n能大幅提升免疫力。\n（免疫力是对中毒、腐败的抵抗力。）\n\n据说此为即将萌发的角。\n长命野兽的角会长出新芽，\n在不停萌发新芽之后，野兽会成为祖灵。
1172	
1173	
1174	
1175	
1176	
1177	
1178	
1179	
1180	祖灵之民的装饰品。\n能提升理智度。\n（理智度是对催眠、发狂的抵抗力。）\n\n据说此为即将萌发的角。\n长命野兽的角会长出新芽，\n在不停萌发新芽之后，野兽会成为祖灵。
1181	祖灵之民的装饰品。\n能大幅提升理智度。\n（理智度是对催眠、发狂的抵抗力。）\n\n据说此为即将萌发的角。\n长命野兽的角会长出新芽，\n在不停萌发新芽之后，野兽会成为祖灵。
1182	
1183	
1184	
1185	
1186	
1187	
1188	
1189	
1190	腥臭化脓的人面脓疮。\n能提升抗死度。\n\n据说那是死王子的脸──\n过去他被称作葛德文，是半神之中的初始死者，\n后来被埋葬在王城地底深处，那黄金树的根部。
1191	腥臭化脓的恶性人面脓疮。\n能大幅提升抗死度。\n\n据说那是死王子的脸──\n半神之中的初始死者、黄金之子，\n那心有罣碍，受尽玷污的遗容。
1192	
1193	
1194	
1195	
1196	
1197	
1198	
1199	
1200	祖灵之民的装饰品。\n其中以多种色彩点缀的贵重物品。\n\n能提升免疫力、健壮度、理智度。\n\n据说此为即将萌发的角。\n长命野兽的角会长出新芽，\n在不停萌发新芽之后，野兽会成为祖灵。
1201	祖灵之民的装饰品。\n其中以多种色彩点缀的贵重物品。\n\n能大幅提升免疫力、健壮度、理智度。\n\n据说此为即将萌发的角。\n长命野兽的角会长出新芽，\n在不停萌发新芽之后，野兽会成为祖灵。
1202	
1203	
1204	
1205	
1206	
1207	
1208	
1209	
1210	参考大山羊的角制成的护符。\n能提升强韧度。\n\n大山羊因为某位骑士而闻名──\n粗壮、强大、绝不畏缩的忒拉格斯。\n据说他是战斗者的沉默战友。
1211	
1212	
1213	
1214	
1215	
1216	
1217	
1218	
1219	
1220	受艾尔登卢恩雕琢的眼珠。\n据说是玛莉卡女王的烙印。\n\n能提升集中力、智力、信仰、感应，\n但增加受到的损伤。\n\n烙印是被神祇找上的人物\n受赐生涯使命的证明。
1221	受艾尔登卢恩雕琢的眼珠。\n“传说中的护符”之一。\n据说是玛莉卡女王的烙印。\n\n能大幅提升集中力、智力、信仰、感应，\n但大幅增加受到的损伤。\n\n沉重的使命会侵蚀肩负者，\n犹如无法逃离的诅咒。
1222	
1223	
1224	
1225	
1226	
1227	
1228	
1229	
1230	破裂死亡的战士壶碎片。\n\n能提升战技的攻击力。\n\n碎片上紧粘着软化的尸块，\n其中还能看到饰品的残骸。\n有可能是从前王室战士的遗物。
1231	破裂死亡的“战士壶”亚历山大的碎片。\n\n能大幅提升战技的攻击力。\n\n碎片上紧粘着软化的尸块，\n其中还能看到饰品的残骸。\n好像是红发英雄的遗物。
1232	
1233	
1234	
1235	
1236	
1237	
1238	
1239	
1240	
1241	
1242	
1243	
1244	
1245	
1246	
1247	
1248	
1249	
1250	米莉森使用的黄金义手的一部分。\n手掌动作固定在高举剑的姿势。\n\n能提升灵巧、\n攻击越是连续，越能提升攻击力。\n\n透过美妙背叛所产生的绝望，\n身为花蕾的她绽放成娇艳的花朵。\n总有一天，她将会重生──\n化为猩红女武神。
2000	采取奇特手段偷袭的刺客们拥有的护符。\n参考刚蜕皮的蝎子制成，\n蝎螯夹着魔力色的心脏。\n\n能提升魔力属性攻击力，但降低减伤率。
2001	
2002	
2003	
2004	
2005	
2006	
2007	
2008	
2009	
2010	采取奇特手段偷袭的刺客们拥有的护符。\n参考刚蜕皮的蝎子制成，\n蝎螯夹着雷色的心脏。\n\n能提升雷属性攻击力，但降低减伤率。
2011	
2012	
2013	
2014	
2015	
2016	
2017	
2018	
2019	
2020	采取奇特手段偷袭的刺客们拥有的护符。\n参考刚蜕皮的蝎子制成，\n蝎螯夹着火色的心脏。\n\n能提升火属性攻击力，但降低减伤率。
2021	
2022	
2023	
2024	
2025	
2026	
2027	
2028	
2029	
2030	采取奇特手段偷袭的刺客们拥有的护符。\n参考刚蜕皮的蝎子制成，\n蝎螯夹着圣色的心脏。\n\n能提升圣属性攻击力，但降低减伤率。
2031	
2032	
2033	
2034	
2035	
2036	
2037	
2038	
2039	
2040	源自古代死亡仪式的护符。\n红色羽毛的护符，在血量偏低时，\n能提升攻击力。\n\n与死亡比邻时，情绪会为之高昂──\n那拚命求生的模样，\n会让随后到来的死亡更加耀眼。
2041	
2042	
2043	
2044	
2045	
2046	
2047	
2048	
2049	
2050	过去献给黄金树的战斗仪式──\n参考用于仪式中的剑制成的护符。\n\n血量全满时，能提升攻击力。\n\n战斗仪式在王夫拉达冈的时代受到废除，\n散布各处的竞技场是遗留下来的产物。
2051	
2052	
2053	
2054	
2055	
2056	
2057	
2058	
2059	
2060	以矛与士兵的形象制成的护符。\n能强化突刺攻击特有的反击攻击。\n\n在交界地之中，常见士兵用矛。\n遇上强敌时，有时能给予有效反击。
2061	
2062	
2063	
2064	
2065	
2066	
2067	
2068	
2069	
2070	以大槌与骑士的形象制成的护符。\n当敌人防御，攻击时能增加对方消耗的精力。\n\n槌在对上持盾敌人时相当有效，\n为狩猎骑士时的知名武器。
2071	
2072	
2073	
2074	
2075	
2076	
2077	
2078	
2079	
2080	参考高举的义手刀制成的护符。\n与残身玛莲妮亚并肩作战的\n骑士们拥有的徽章。\n\n攻击越是连续，越能提升攻击力。\n\n飞翼象征着玛莲妮亚，以及战无不胜。\n生来的宿疾让她不知何谓安祥，\n因此她的剑维持美丽，也带有壮烈的特质。
2081	参考高举的义手刀制成的护符。\n侍奉腐败女神的女武神们拥有的徽章。\n\n攻击越是连续，越能大幅提升攻击力。\n\n四位姊妹诞生自艾奥尼亚沼泽，\n透过格威的帮助，到达了圣树──\n然而她们是不完全的花蕾。
2082	
2083	
2084	
2085	
2086	
2087	
2088	
2089	
2090	以短剑与医师的形象制成的护符。\n能强化致命一击。\n\n白衣的战场医师看见一息尚存的人，\n不论敌我，皆会给予最后一击──\n正因为慈悲为怀，才会痛下杀手。
2091	
2092	
2093	
2094	
2095	
2096	
2097	
2098	
2099	
2100	以三支羽毛箭的形象制成的护符。\n狩猎野兽的猎人们拥有的物品。\n\n能提升弓的射程距离。
2101	
2102	
2103	
2104	
2105	
2106	
2107	
2108	
2109	
2110	以蓝衣舞娘的形象制成的布质人偶。\n非常古老，传承而来的物品。\n\n装备重量越轻，攻击力会越高。\n\n据说蓝衣舞娘是妖精。\n妖精将流水剑赐予盲眼剑士，\n剑士因此得以封印古老神祇──封印腐败。
2111	
2112	
2113	
2114	
2115	
2116	
2117	
2118	
2119	
2120	以双头剑与密使的形象制成的护符。\n能强化连续攻击的最后一记攻击。\n\n密使们继承而来的双头剑剑术\n贯彻攻击招招不致命，\n但最后一记攻击最为强力的作法。
2121	
2122	
2123	
2124	
2125	
2126	
2127	
2128	
2129	
2130	以斧与战士的形象制成的护符。\n能强化蓄力攻击。\n\n斧是长征战王的武器，\n众战士推崇王之余，也使用相同武器。\n他们擅长使出蓄满力量的攻击。
2131	
2132	
2133	
2134	
2135	
2136	
2137	
2138	
2139	
2140	以骑枪与骑士的形象制成的护符。\n能提升骑马时的攻击力。\n\n骑在马上的骑士十分可畏──\n身在高处，视野更加全面，\n可说是如虎添翼。
2141	
2142	
2143	
2144	
2145	
2146	
2147	
2148	
2149	
2150	以三支铁箭的形象制成的护符。\n古老士兵们的物品。\n\n能提升射出箭、弩箭时的攻击力。
2151	
2152	
2153	
2154	
2155	
2156	
2157	
2158	
2159	
2160	以鲜血君王的欢欣模样制成的护符。\n\n当周围人物陷入异常状态出血时，\n能提升攻击力\n\n　向鲜血君王献上鲜血吧──\n　让大人伴侣的房内，让茧内填满鲜血。\n　年幼的伴侣觉醒之时，我们的王朝随之开创。
2161	
2162	
2163	
2164	
2165	
2166	
2167	
2168	
2169	
2170	以虫群的欢欣模样制成的护符。\n\n当周围人物陷入异常状态中毒、腐败时，\n能提升攻击力。\n\n　向猩红女神献上腐败吧──\n　在遥远他方怒放猩红花朵，\n　回到我们这群弃子的身旁吧。
2171	
2172	
2173	
2174	
2175	
2176	
2177	
2178	
2179	
2180	以钩爪与杀手的形象制成的护符。\n能强化跳跃攻击。\n\n鸦山的杀手以暗杀为业，\n他们会模仿死之猛禽，攻击盯上的猎物。
2181	
2182	
2183	
2184	
2185	
2186	
2187	
2188	
2189	
2190	以嘶吼巨人的形象制成的青铜链坠。\n能强化咆哮与吐息。\n\n在远古时代，巨人是黄金树的宿敌。\n据说巨人轰然的咆哮能破坏自然──\n譬如引发雪崩，或召来火焰暴风雨。
2191	
2192	
2193	
2194	
2195	
2196	
2197	
2198	
2199	
2200	以曲剑与剑士的形象制成的护符。\n能强化防御反击。\n\n那体现险中求胜的杰出剑术，\n据说是在过去，盲眼剑士领悟的技术。
2201	
2202	
2203	
2204	
2205	
2206	
2207	
2208	
2209	
2210	壶群送给朋友的护符。\n能提升投掷壶类道具的威力。\n\n壶群以人类血肉作为生命泉源，\n但本性却十分地善良。\n也可能那份善良，就是他们诞生的理由。
2211	
2212	
2213	
2214	
2215	
2216	
2217	
2218	
2219	
2220	参考调香瓶的模样制成的护符。\n能提升调香术的威力。\n\n调香师有着只有他们才知道的花园。\n可能位在高原的边缘，或是隐藏的洞窟内，\n那里百花齐放，只为芬芳。
3000	学院的恶梦──人称魔法师球，\n以其形象制成的护符。\n\n能提升魔法的威力。\n\n在辉石魔法之中，有个名为“起源”的禁忌。\n将魔法师聚集成球，化成星星种子──\n对起源派的人而言，这是一种探索的手段。
3001	学院的恶梦──人称魔法师球，\n以其中最先出现的魔法师球形象制成的护符。\n\n能大幅提升魔法的威力。\n\n在辉石魔法之中，有个名为“起源”的禁忌。\n将魔法师聚集成球，化成星星种子──\n对起源派的人而言，这是一种探索的手段。
3040	描绘面具人像的布条。\n能提升祷告的威力。\n\n人像是参考信徒绘制而成，\n坚信无形的事物，并献上祈祷──\n那副模样，连孤独的创教者也能受到鼓舞。\n\n所谓的信仰，可能就等于肯定。
3041	
3042	
3043	
3044	
3045	
3046	
3047	
3048	
3049	
3050	描绘大量面具人像的布条。\n能大幅提升祷告的威力。\n\n人像是参考信徒绘制而成，\n坚信无形的事物，并献上祈祷──\n那副模样，连孤独的创教者也能受到鼓舞。\n\n所谓的信仰，可能就等于肯定。
3051	
3052	
3053	
3054	
3055	
3056	
3057	
3058	
3059	
3060	参考古王的形象制成的护符。\n据说古王坐镇时空夹缝、风暴中心。\n“传说中的护符”之一。\n\n能延长魔法、祷告的有效时间。\n\n据说古王的城──法姆·亚兹拉，\n在许久以前就逐渐步入崩毁。
3061	
3062	
3063	
3064	
3065	
3066	
3067	
3068	
3069	
3070	以“艾尔登之王”拉达冈的形象制成的护符。\n“传说中的护符”之一。\n\n能缩短魔法、祷告的咏唱时间。\n\n据说“红发”拉达冈\n身为卡利亚的蕾娜菈的丈夫时，学习魔法；\n身为玛莉卡女王的丈夫时，学习祷告──\n英雄的目标，是成为完美存在。
3071	
3072	
3073	
3074	
3075	
3076	
3077	
3078	
3079	
3080	染血的古老辉石刀。\n\n能减少使用魔法、祷告消耗的专注值，\n但减少血量上限。\n\n古老的魔法师为了将源辉石化成自己的灵魂，\n会用这把刀划开心脏，接着步入死亡。
3081	
3082	
3083	
3084	
3085	
3086	
3087	
3088	
3089	
3090	以“艾尔登之王”葛孚雷的形象制成的护符。\n“传说中的护符”之一。\n\n能强化魔法、祷告、战技的蓄力使用。\n\n葛孚雷是勇猛的战士──\n然而在他立誓为王的那一刻起，\n为了抑制心中沸腾不止的战意，\n他背起了“宰相野兽”瑟洛修。
4000	有着古龙浮雕的熟铁制护符。\n能提升物理减伤率。\n\n在黄金树尚未出现的史前时代，\n据说古龙是那时代的主宰，\n也是保护王的铜墙铁壁。\n因此龙的图案被视为各种庇佑的象征。
4001	有着两只古龙浮雕的熟铁制护符。\n能大幅提升物理减伤率。\n\n在黄金树尚未出现的史前时代，\n据说古龙是那时代的主宰，\n也是保护王的铜墙铁壁。\n因此龙的图案被视为各种庇佑的象征。
4002	有着三只古龙浮雕的熟铁制护符。\n能更大幅提升物理减伤率。\n\n在黄金树尚未出现的史前时代，\n据说古龙是那时代的主宰，\n也是保护王的铜墙铁壁。\n因此龙的图案被视为各种庇佑的象征。
4003	有着巨大古龙浮雕的熟铁制护符。\n“传说中的护符”之一。\n\n能极大幅提升物理减伤率。\n\n在黄金树尚未出现的史前时代，\n据说古龙是那时代的主宰，\n也是保护王的铜墙铁壁。\n因此龙的图案被视为各种庇佑的象征。
4004	
4005	
4006	
4007	
4008	
4009	
4010	绘有蓝色古龙图案的护符。\n能提升魔力属性减伤率。\n\n在黄金树尚未出现的史前时代，\n据说古龙是那时代的主宰，\n也是保护王的铜墙铁壁。\n因此龙的图案被视为各种庇佑的象征。
4011	绘有两只蓝色古龙图案的护符。\n能大幅提升魔力属性减伤率。\n\n在黄金树尚未出现的史前时代，\n据说古龙是那时代的主宰，\n也是保护王的铜墙铁壁。\n因此龙的图案被视为各种庇佑的象征。
4012	绘有三只蓝色古龙图案的护符。\n能更大幅提升魔力属性减伤率。\n\n在黄金树尚未出现的史前时代，\n据说古龙是那时代的主宰，\n也是保护王的铜墙铁壁。\n因此龙的图案被视为各种庇佑的象征。
4013	
4014	
4015	
4016	
4017	
4018	
4019	
4020	绘有红色古龙图案的护符。\n能提升火属性减伤率。\n\n在黄金树尚未出现的史前时代，\n据说古龙是那时代的主宰，\n也是保护王的铜墙铁壁。\n因此龙的图案被视为各种庇佑的象征。
4021	绘有两只红色古龙图案的护符。\n能大幅提升火属性减伤率。\n\n在黄金树尚未出现的史前时代，\n据说古龙是那时代的主宰，\n也是保护王的铜墙铁壁。\n因此龙的图案被视为各种庇佑的象征。
4022	绘有三只红色古龙图案的护符。\n能更大幅提升火属性减伤率。\n\n在黄金树尚未出现的史前时代，\n据说古龙是那时代的主宰，\n也是保护王的铜墙铁壁。\n因此龙的图案被视为各种庇佑的象征。
4023	
4024	
4025	
4026	
4027	
4028	
4029	
4030	绘有黄色古龙图案的护符。\n能提升雷属性减伤率。\n\n在黄金树尚未出现的史前时代，\n据说古龙是那时代的主宰，\n也是保护王的铜墙铁壁。\n因此龙的图案被视为各种庇佑的象征。
4031	绘有两只黄色古龙图案的护符。\n能大幅提升雷属性减伤率。\n\n在黄金树尚未出现的史前时代，\n据说古龙是那时代的主宰，\n也是保护王的铜墙铁壁。\n因此龙的图案被视为各种庇佑的象征。
4032	绘有三只黄色古龙图案的护符。\n能更大幅提升雷属性减伤率。\n\n在黄金树尚未出现的史前时代，\n据说古龙是那时代的主宰，\n也是保护王的铜墙铁壁。\n因此龙的图案被视为各种庇佑的象征。
4033	
4034	
4035	
4036	
4037	
4038	
4039	
4040	绘有黄金古龙图案的护符。\n能提升圣属性减伤率。\n\n在黄金树尚未出现的史前时代，\n据说古龙是那时代的主宰，\n也是保护王的铜墙铁壁。\n因此龙的图案被视为各种庇佑的象征。
4041	绘有两只黄金古龙图案的护符。\n能大幅提升圣属性减伤率。\n\n在黄金树尚未出现的史前时代，\n据说古龙是那时代的主宰，\n也是保护王的铜墙铁壁。\n因此龙的图案被视为各种庇佑的象征。
4042	绘有三只黄金古龙图案的护符。\n能更大幅提升圣属性减伤率。\n\n在黄金树尚未出现的史前时代，\n据说古龙是那时代的主宰，\n也是保护王的铜墙铁壁。\n因此龙的图案被视为各种庇佑的象征。
4043	
4044	
4045	
4046	
4047	
4048	
4049	
4050	绘有珍珠色古龙图案的护符。\n能提升物理以外的减伤率。\n\n在黄金树尚未出现的史前时代，\n据说古龙是那时代的主宰，\n也是保护王的铜墙铁壁。\n因此龙的图案被视为各种庇佑的象征。
4051	绘有两只珍珠色古龙图案的护符。\n能大幅提升物理以外的减伤率。\n\n在黄金树尚未出现的史前时代，\n据说古龙是那时代的主宰，\n也是保护王的铜墙铁壁。\n因此龙的图案被视为各种庇佑的象征。
4052	绘有三只珍珠色古龙图案的护符。\n能更大幅提升物理以外的减伤率。\n\n在黄金树尚未出现的史前时代，\n据说古龙是那时代的主宰，\n也是保护王的铜墙铁壁。\n因此龙的图案被视为各种庇佑的象征。
4053	
4054	
4055	
4056	
4057	
4058	
4059	
4060	在远古时代，据说会长在人体上，\n揉合生物百相的鳞片所制成的护符。\n\n能减少致命一击造成的损伤。\n\n此为生命之始的熔炉残存的痕迹，\n也是局部性的隔代遗传，在古代具有神圣意义。\n然而在文明发展后，被视为玷污的象征。
4061	
4062	
4063	
4064	
4065	
4066	
4067	
4068	
4069	
4070	在远古时代，据说会长在人体上，\n揉合生物百相的羽毛所制成的护符。\n\n能强化翻滚的闪避能力，\n但会增加受到的损伤。\n\n此为生命之始的熔炉残存的痕迹，\n也是局部性的隔代遗传，在古代具有神圣意义。\n然而在文明发展后，被视为玷污的象征。
4071	
4072	
4073	
4074	
4075	
4076	
4077	
4078	
4079	
4080	源自古代死亡仪式的护符。\n蓝色羽毛的护符，在血量偏低时，\n能提升防御力。\n\n与死亡比邻时，情绪会为之高昂──\n那拚命求生的模样，\n会加深死亡的奉献价值。
4081	
4082	
4083	
4084	
4085	
4086	
4087	
4088	
4089	
4090	过去献给黄金树的战斗仪式──\n参考用于仪式中的盾制成的护符。\n\n血量全满时，能提升防御力。\n\n战斗仪式在王夫拉达冈的时代受到废除，\n散布各处的竞技场是遗留下来的产物。
4091	
4092	
4093	
4094	
4095	
4096	
4097	
4098	
4099	
4100	以大盾与骑士的形象制成的护符。\n能提升防御强度。\n\n在过去，王城罗德尔的骑士们\n将大树守卫的准则奉为圭臬：\n要善尽守护职责，\n该先举起的不是剑，是盾。
4101	
4102	
4103	
4104	
4105	
4106	
4107	
4108	
4109	
4110	在远古时代，据说会长在人体上，\n揉合生物百相的瘤所制成的护符。\n\n能减少头部射击造成的损伤与冲击。\n\n此为生命之始的熔炉残存的痕迹，\n也是局部性的隔代遗传，在古代具有神圣意义。\n然而在文明发展后，被视为玷污的象征。
5000	参考黄金树种子的模样制成的红色护符。\n能提升红露滴圣杯瓶的恢复量。\n\n过去的黄金树曾是永恒与完美，\n也因此，种子不曾出现。
5001	
5002	
5003	
5004	
5005	
5006	
5007	
5008	
5009	
5010	参考黄金树种子的模样制成的蓝色护符。\n能提升蓝露滴圣杯瓶的恢复量。\n\n过去的黄金树曾是永恒与完美，\n也因此，种子不曾出现。
5011	
5012	
5013	
5014	
5015	
5016	
5017	
5018	
5019	
5020	承接黄金树的恩惠──\n参考承接露滴的模样制成的护符。\n\n能缓慢恢复血量。\n\n据说在过去，恩惠露滴源源不绝──\n那是转眼即逝的丰饶时代，\n黄金树因此成为了信仰。
5021	
5022	
5023	
5024	
5025	
5026	
5027	
5028	
5029	
5030	火山官邸之主，拉卡德司法官──\n雕着他面容严肃的肖像护符。\n\n打倒敌人时，能恢复血量。\n\n当拉卡德发誓犯下叛律的亵渎之举，\n所有的掠夺行为都受到肯定──\n与神祇的作法如出一辙。
5031	
5032	
5033	
5034	
5035	
5036	
5037	
5038	
5039	
5040	以平滑的皮肤拼制缝成的\n神皮使徒们的圣布。\n\n连续攻击时，能恢复血量。\n\n刚诞生的使徒会用此物包裹，\n再交给有着宵色眼眸的女王拥抱──\n让使徒们长成神祇的死亡。
5041	
5042	
5043	
5044	
5045	
5046	
5047	
5048	
5049	
5050	形状蜿蜒，染上红色的凶刀。\n使出致命一击能恢复血量。\n\n带来半神初始死亡的黑刀，\n在阴谋之夜舞动，反射阵阵光芒──\n据说此为参考黑刀的形象制成。
5051	
5052	
5053	
5054	
5055	
5056	
5057	
5058	
5059	
5060	形状蜿蜒，染上蓝色的凶刀。\n使出致命一击能恢复专注值。\n\n带来半神初始死亡的黑刀，\n在阴谋之夜舞动，反射阵阵光芒──\n据说此为参考黑刀的形象制成。
6000	封着暗雾的神秘小瓶子。\n\n能完全去除自己发出的声响。\n\n据说是圆桌厅堂的刺客使用的诅咒器具。\n在过去，背离引导的褪色者，\n在一片寂静的时刻最为心慌。
6001	
6002	
6003	
6004	
6005	
6006	
6007	
6008	
6009	
6010	表面具有光泽的暗色布卷成的护符。\n\n远离敌人后，蹲下能完全隐藏自己的身影。\n\n此为过去的黑刀刺客们，\n在阴谋之夜时用于隐藏身影的部分面纱。
6011	
6012	
6013	
6014	
6015	
6016	
6017	
6018	
6019	
6020	在盾面有着王室徽章的护符。\n\n能减少使用战技消耗的专注值。\n\n据说在过去的卡利亚骑士之中，\n只有直接侍奉公主的人会受赐此徽章。\n目前的公主只有一位──\n蕾娜菈的女儿，菈妮。
6040	以长尾猫拉桂玛的形象制成的别针。\n\n从高处落下时，能完全不受到损伤。\n但是无法避免过高落下时，造成的死亡。\n\n据说那是雷亚卢卡利亚的童话故事中\n出现的妖精猫，会在大钟楼上玩耍。
6041	
6042	
6043	
6044	
6045	
6046	
6047	
6048	
6049	
6050	双眼被压碎的疯狂肖像。\n肖像若有似无的微笑带有一丝谄媚。\n\n将变得容易受敌人攻击。\n\n名为夏玻利利的男人，因为进谗言，\n蒙受被众人压碎双眼的惩罚。\n据说后来，他的眼窝寄宿了癫火病。
6051	
6052	
6053	
6054	
6055	
6056	
6057	
6058	
6059	
6060	皮肤剥落的疯狂肖像。\n肖像若有似无的微笑带有一丝慈爱。\n\n将增加受到的损伤。\n\n名为狄蒂卡的女人，\n做出诸多道德瑕疵之举。\n据说因此产下了无数异形之子。
6061	
6062	
6063	
6064	
6065	
6066	
6067	
6068	
6069	
6070	细到仿佛一折即断的枯枝护符。\n\n死亡时不会掉落卢恩，\n但作为代价，此护符会消失。\n\n据说是黄金树的一部份，\n在远古时代修剪时留下的树枝。
6071	
6072	
6073	
6074	
6075	
6076	
6077	
6078	
6079	
6080	映照出金色模糊人影的小镜子。\n\n能变得像是勾指主人。\n\n为了欺骗入侵者所制作的\n其中一种褪色者的诅咒器具。
6081	
6082	
6083	
6084	
6085	
6086	
6087	
6088	
6089	
6090	映照出肉身模糊人影的小镜子。\n\n能变得像是受召唤而来的协助者。\n\n为了欺骗入侵者所制作的\n其中一种褪色者的诅咒器具。
6091	
6092	
6093	
6094	
6095	
6096	
6097	
6098	
6099	
6100	歪扭成奇怪模样的神秘圆环。\n自己的举止会产生变化。
6101	
6102	
6103	
6104	
6105	
6106	
6107	
6108	
6109	
6110	切下祖灵之王的角而成的物品。\n\n打倒敌人时，能恢复专注值。\n\n祖灵之王倒下，几株嫩芽\n以祂的角为温床，盛开发光──\n此为从死亡萌发生命，\n也是从死亡获得力量。
