10	
11	
12	
13	
14	
15	
16	
17	
18	
19	
20	
21	
22	
23	
24	
25	
26	
27	
28	
29	
30	
80	
81	
82	
83	
84	
85	
86	
87	
88	
89	
90	
91	
92	
93	
94	
95	
96	
97	
98	
99	
100	
101	
102	
103	
104	
105	
106	
107	
108	
109	
110	
111	
112	
113	
114	
115	
116	
117	
118	
119	
120	
121	
122	
123	
124	
125	
126	
127	
128	
129	
130	
131	
132	
133	
134	
135	
136	
137	
138	
139	
140	
141	
142	
143	
144	
145	
146	
147	
148	
149	
150	
151	
152	
153	
154	
155	
156	
157	
158	
159	
160	
161	
162	
163	
164	
165	
166	
167	
168	
169	
170	
171	
172	
173	
174	
175	
176	
177	
178	
179	
180	
181	
182	
183	
184	
185	
186	
187	
188	
189	
190	
191	
192	
193	
194	
1000	
1001	
1002	
1003	
1004	
1005	
1006	
1007	
1008	
1009	
1010	
1011	
1012	
1013	
1014	
1015	
1016	
1017	
10000	能赋予武器属性、战技
10100	能赋予武器属性、战技
10200	能赋予武器属性、战技
10300	能赋予武器属性、战技
10500	能赋予武器属性、战技
10600	能赋予武器属性、战技
10700	能赋予武器属性、战技
10800	能赋予武器属性、战技
10900	能赋予武器属性、战技
11000	能赋予武器属性、战技
11100	能赋予武器属性、战技
11200	能赋予武器属性、战技
11300	能赋予武器属性、战技
11400	能赋予武器属性、战技
11500	能赋予武器属性、战技
11600	能赋予武器属性、战技
11700	能赋予武器属性、战技
11800	能赋予武器属性、战技
11900	能赋予武器属性、战技
12000	能赋予武器属性、战技
12100	
12200	能赋予武器属性、战技
12300	能赋予武器属性、战技
12400	能赋予武器属性、战技
12500	能赋予武器属性、战技
20000	能赋予武器属性、战技
20100	能赋予武器属性、战技
20200	能赋予武器属性、战技
20300	能赋予武器属性、战技
20400	能赋予武器属性、战技
20500	能赋予武器属性、战技
20700	能赋予武器属性、战技
20800	能赋予武器属性、战技
20900	能赋予武器属性、战技
21000	能赋予武器属性、战技
21200	能赋予武器属性、战技
21300	能赋予武器属性、战技
21400	能赋予武器属性、战技
21600	能赋予武器属性、战技
21700	能赋予武器属性、战技
21800	能赋予武器属性、战技
21900	能赋予武器属性、战技
22000	能赋予武器属性、战技
22100	能赋予武器属性、战技
22200	能赋予武器属性、战技
22300	能赋予武器属性、战技
22400	能赋予武器属性、战技
22500	能赋予武器属性、战技
22600	能赋予武器属性、战技
22700	能赋予武器属性、战技
22800	能赋予武器属性、战技
30000	能赋予武器属性、战技
30100	能赋予武器属性、战技
30200	能赋予武器属性、战技
30300	能赋予武器属性、战技
30400	能赋予武器属性、战技
30500	能赋予武器属性、战技
30600	能赋予武器属性、战技
30700	能赋予武器属性、战技
30800	能赋予武器属性、战技
30900	能赋予武器属性、战技
31000	能赋予武器属性、战技
40000	能赋予武器属性、战技
40100	能赋予武器属性、战技
40200	能赋予武器属性、战技
40400	能赋予武器属性、战技
40500	能赋予武器属性、战技
40600	能赋予武器属性、战技
40700	
50100	能赋予武器属性、战技
50200	能赋予武器属性、战技
50300	能赋予武器属性、战技
50400	能赋予武器属性、战技
50500	能赋予武器属性、战技
50600	能赋予武器属性、战技
50700	能赋予武器属性、战技
50800	能赋予武器属性、战技
50900	能赋予武器属性、战技
60000	能赋予武器属性、战技
60100	能赋予武器属性、战技
60200	能赋予武器属性、战技
60300	能赋予武器属性、战技
60400	能赋予武器属性、战技
60500	能赋予武器属性、战技
60600	能赋予武器属性、战技
60700	能赋予武器属性、战技
65000	能赋予武器属性、战技
65100	能赋予武器属性、战技
65200	能赋予武器属性、战技
65300	能赋予武器属性、战技
65400	能赋予武器属性、战技
70000	能赋予武器属性、战技
70100	能赋予武器属性、战技
70200	能赋予武器属性、战技
80000	能赋予武器属性、战技
80100	能赋予武器属性、战技
80200	能赋予武器属性、战技
85000	能赋予武器属性、战技
