10010670	由于护符的效用，死亡后不会掉落持有卢恩。\n牺牲细枝已消失。
10010671	
10010672	
10010673	
10010674	
10010675	
10010676	
10010677	
10010678	
10010679	
10010680	由于灵药的效用，\n死亡后不会掉落持有卢恩。
10010800	要使用<?gdsparam@390?>吗？
10010801	要使用<?gdsparam@2950?>吗？
10010802	要使用<?gdsparam@2951?>吗？
10010803	要使用<?gdsparam@2952?>吗？
10010804	要使用<?gdsparam@2953?>吗？
10010805	要使用<?gdsparam@2954?>吗？
10010806	要使用<?gdsparam@2955?>吗？
10010807	要使用<?gdsparam@2956?>吗？
10010808	要使用<?gdsparam@2957?>吗？
10010809	要使用<?gdsparam@2958?>吗？
10010810	要使用<?gdsparam@2959?>吗？
10010811	要使用<?gdsparam@2960?>吗？
10010812	要使用<?gdsparam@2961?>吗？
10010813	要使用<?gdsparam@2962?>吗？
10010814	要使用<?gdsparam@2963?>吗？
10010815	要使用<?gdsparam@2964?>吗？
10010830	要使用米凯拉的针，镇定癫火吗？
10010831	
10010832	
10010833	
10010834	
10010835	
10010836	
10010837	
10010838	
10010839	
10010840	要移动到谒见之地吗？
10011954	将会失去所有卢恩，传送到最后停留的赐福。\n您确定吗？
20000001	将会中断指药的效用，您确定吗？
20000002	
20000003	
20000004	
20000005	
20000006	
20000007	
20000008	
20000009	
20000010	准备入侵其他世界，请选择入侵的范围。
20000011	要放弃入侵其他世界吗？
20000012	
20000013	
20000014	
20000015	仅限附近
20000016	不分远近
20000017	
20000018	
20000019	
20000020	
20000021	要撤回召唤请求吗？
20000022	
20000023	
20000024	
20000025	
20000026	
20000027	
20000028	
20000029	
20000030	
20000031	正在接收召唤请求，要取消吗？
20000032	
20000033	
20000034	
20000035	
20000036	
20000037	
20000038	
20000039	
20000040	要吸引入侵者吗？
20000041	正在吸引入侵者，要取消吗？
20000042	
20000043	
20000044	
20000045	
20000046	
20000047	
20000048	
20000049	
20000050	准备将协力记号送往记号聚集处，请选择传送的范围。
20000051	协力记号已送往记号聚集处，要抹除吗？
20000052	
20000053	
20000054	
20000055	仅限附近
20000056	不分远近
20000057	
20000058	
20000059	
20000060	准备将敌对记号送往记号聚集处，请选择传送的范围。
20000061	敌对记号已送往记号聚集处，要抹除吗？
20000062	
20000063	
20000064	
20000065	仅限附近
20000066	不分远近
20000067	
20000068	
20000069	
20000070	要返回原本的世界吗？
20000600	要遣返召唤中的灵魂吗？
20000601	
20000602	
20000603	
20000604	
20000605	
20000606	
20000607	
20000608	
20000609	
20000610	如果召唤新的灵魂，将会遣返其他召唤中的灵魂。\n您确定吗？
20000700	获得该人物的“梦雾”。
20000800	灵马已死亡，要再一次召唤吗？\n（需要消耗１瓶红露滴圣杯瓶。）
