12	
13	
14	
15	
16	
17	
18	
19	
20	
21	
22	
23	
24	
25	
26	
27	
28	
29	
30	
31	
32	
33	
34	
35	
36	
37	
38	
39	
40	
41	
42	
43	
44	
60	
61	
62	
63	
64	
65	
66	
67	
68	
69	
94	
95	
96	
97	
98	
99	
100	能写下协力多人联机游玩的召唤记号
101	能写下敌对多人联机游玩的召唤记号
102	能够入侵其他玩家的世界
103	能遣返亲自召唤的人物，或让自己返回原本的世界
104	被入侵时能发出请求，召唤“猎人”
105	收到召唤“猎人”的请求时，能回应要求接受召唤
106	能够写下讯息，传布到其他世界
107	能再一次入侵曾经入侵过的世界
108	能吸引入侵者前来
109	能将协力记号送往记号聚集处
110	能将敌对记号送往记号聚集处
111	能够入侵其他玩家的世界
112	能够入侵其他玩家的世界
113	能再一次入侵曾经入侵过的世界
114	能再一次入侵曾经入侵过的世界
115	能传送到最后停留的赐福，但会失去所有的卢恩
130	能召唤出灵马托雷特，骑马行动
131	
132	
133	
134	
135	能对入侵世界里的敌人，降下鲜血赐福
150	能看见协力记号、敌对记号
170	能写下协力多人联机游玩的召唤记号
171	能写下敌对多人联机游玩的召唤记号
172	能够入侵其他玩家的世界
173	
174	被入侵时能发出请求，召唤“猎人”
175	收到召唤“猎人”的请求时，能回应要求接受召唤
176	
177	
178	能吸引入侵者前来
179	能将协力记号送往记号聚集处
180	能将敌对记号送往记号聚集处
181	能召唤出灵马托雷特，骑马行动
182	能看见协力记号、敌对记号
183	能够入侵其他玩家的世界
184	能够入侵其他玩家的世界
185	
186	
187	
188	
189	
190	使用后，能让装备的大卢恩带来恩惠
191	透过恩惠的效力，能提升所有能力值
192	能提升血量、专注值、精力的上限
193	透过恩惠的效力，能大幅提升血量的上限
194	透过恩惠的效力，打倒敌人时能恢复血量
195	透过恩惠的效力，能替召唤的灵魂降下鲜血赐福
196	受到损伤的当下，能透过攻击恢复部分血量
197	
198	
199	
200	能恢复血量，但目前里头空无一物
201	能恢复血量
202	能恢复血量，但目前里头空无一物
203	能恢复血量
204	能恢复血量，但目前里头空无一物
205	能恢复血量
206	能恢复血量，但目前里头空无一物
207	能恢复血量
208	能恢复血量，但目前里头空无一物
209	能恢复血量
210	能恢复血量，但目前里头空无一物
211	能恢复血量
212	能恢复血量，但目前里头空无一物
213	能恢复血量
214	能恢复血量，但目前里头空无一物
215	能恢复血量
216	
217	
218	
219	
220	能恢复专注值，但目前里头空无一物
221	能恢复专注值
222	能恢复专注值，但目前里头空无一物
223	能恢复专注值
224	能恢复专注值，但目前里头空无一物
225	能恢复专注值
226	能恢复专注值，但目前里头空无一物
227	能恢复专注值
228	能恢复专注值，但目前里头空无一物
229	能恢复专注值
230	能恢复专注值，但目前里头空无一物
231	能恢复专注值
232	能恢复专注值，但目前里头空无一物
233	能恢复专注值
234	能恢复专注值，但目前里头空无一物
235	能恢复专注值
250	拥有各种特殊效用
251	拥有各种特殊效用，但目前里头空无一物
300	能丢向敌人，给予火属性伤害
301	能丢向敌人，给予大幅火属性伤害
302	能消耗专注值丢向敌人，给予大幅火属性伤害
320	能丢向敌人，给予雷属性伤害
321	能丢向敌人，给予大幅雷属性伤害
322	
323	
324	
325	
326	
327	
328	
329	
330	能丢向敌人，累积剧毒
331	
332	
333	
334	
335	
336	
337	
338	
339	
340	能丢向敌人，招来一群血蝇攻击
341	
342	
343	
344	
345	
346	
347	
348	
349	
350	能消耗专注值丢向敌人，给予圣属性伤害
351	能消耗专注值丢向敌人，给予大幅圣属性伤害
352	
353	
354	
355	
356	
357	
358	
359	
360	能丢向敌人，累积冻伤量表
361	
362	
363	
364	
365	
366	
367	
368	
369	
370	能丢向敌人，累积中毒量表
371	
372	
373	
374	
375	
376	
377	
378	
379	
380	能丢向敌人，让对方浑身油污
381	
382	
383	
384	
385	
386	
387	
388	
389	
390	能消耗专注值丢出，吸引人类之身的敌人注意
391	能消耗专注值丢出，只吸引兽类敌人的注意
392	
393	
394	
395	
396	
397	
398	
399	
400	能丢向背后的敌人，给予火属性伤害
420	能丢向背后的敌人，给予雷属性伤害
421	
422	
423	
424	
425	
426	
427	
428	
429	
430	能丢向背后的敌人，累积剧毒
431	
432	
433	
434	
435	
436	
437	
438	
439	
440	能丢向背后的敌人，累积中毒量表
441	
442	
443	
444	
445	
446	
447	
448	
449	
450	能丢向背后的敌人，让对方浑身油污
451	
452	
453	
454	
455	
456	
457	
458	
459	
460	能消耗专注值丢向背后的敌人，给予魔力属性伤害
461	
462	
463	
464	
465	
466	
467	
468	
469	
470	能丢向背后的敌人，招来一群血蝇攻击
471	
472	
473	
474	
475	
476	
477	
478	
479	
480	能丢向背后的敌人，累积“冻伤”量表
481	
482	
483	
484	
485	
486	
487	
488	
489	
490	能产生热气，给予接触到的人物火属性伤害
491	
492	
493	
494	
495	
496	
497	
498	
499	
500	
501	
502	
503	
504	
505	
506	
507	
508	
509	
510	能消耗专注值丢向背后的敌人，给予圣属性伤害
600	能产生热气，给予接触到的人物火属性伤害
601	
602	
603	
604	
605	
606	
607	
608	
609	
610	能消耗专注值丢出，妨碍圣杯瓶的恢复效用
630	能丢向敌人，让对方浑身咒血
631	
632	
633	
634	
635	
636	
637	
638	
639	
640	能消耗专注值丢出，累积催眠量表
641	
642	
643	
644	
645	
646	
647	
648	
649	
650	能消耗专注值丢出，形成怨魂群
651	
652	
653	
654	
655	
656	
657	
658	
659	
660	能消耗专注值丢出，给予魔力属性伤害
661	能消耗专注值丢出，给予大幅魔力属性伤害
662	
663	
664	
665	
666	
667	
668	
669	
670	能丢向敌人，累积猩红腐败量表
810	在骑马时喂给灵马托雷特，能恢复它的血量
811	在骑马时喂给灵马托雷特，能大幅恢复它的血量
812	在骑马时喂给灵马托雷特，能极大幅恢复它的血量
813	
814	
815	
816	
817	
818	
819	
820	一定时间内，能大幅提升物理减伤率
821	
822	
823	
824	
825	
826	
827	
828	
829	
830	一定时间内，能提升物理减伤率
900	能减轻中毒量表的累积，治愈中毒状态
901	
902	
903	
904	
905	
906	
907	
908	
909	
910	能减轻出血量表的累积
911	
912	
913	
914	
915	
916	
917	
918	
919	
920	能减轻冻伤量表的累积，治愈冻伤状态
921	
922	
923	
924	
925	
926	
927	
928	
929	
930	能减轻催眠量表的累积
931	
932	
933	
934	
935	
936	
937	
938	
939	
940	能减轻猩红腐败量表的累积，治愈腐败状态
941	
942	
943	
944	
945	
946	
947	
948	
949	
950	能减轻死亡量表的累积
951	
952	
953	
954	
955	
956	
957	
958	
959	
960	能减轻发狂量表的累积
1000	能恢复血量，但目前里头空无一物
1001	能恢复血量
1002	能恢复血量，但目前里头空无一物
1003	能恢复血量
1004	能恢复血量，但目前里头空无一物
1005	能恢复血量
1006	能恢复血量，但目前里头空无一物
1007	能恢复血量
1008	能恢复血量，但目前里头空无一物
1009	能恢复血量
1010	能恢复血量，但目前里头空无一物
1011	能恢复血量
1012	能恢复血量，但目前里头空无一物
1013	能恢复血量
1014	能恢复血量，但目前里头空无一物
1015	能恢复血量
1016	能恢复血量，但目前里头空无一物
1017	能恢复血量
1018	能恢复血量，但目前里头空无一物
1019	能恢复血量
1020	能恢复血量，但目前里头空无一物
1021	能恢复血量
1022	能恢复血量，但目前里头空无一物
1023	能恢复血量
1024	能恢复血量，但目前里头空无一物
1025	能恢复血量
1050	能恢复专注值，但目前里头空无一物
1051	能恢复专注值
1052	能恢复专注值，但目前里头空无一物
1053	能恢复专注值
1054	能恢复专注值，但目前里头空无一物
1055	能恢复专注值
1056	能恢复专注值，但目前里头空无一物
1057	能恢复专注值
1058	能恢复专注值，但目前里头空无一物
1059	能恢复专注值
1060	能恢复专注值，但目前里头空无一物
1061	能恢复专注值
1062	能恢复专注值，但目前里头空无一物
1063	能恢复专注值
1064	能恢复专注值，但目前里头空无一物
1065	能恢复专注值
1066	能恢复专注值，但目前里头空无一物
1067	能恢复专注值
1068	能恢复专注值，但目前里头空无一物
1069	能恢复专注值
1070	能恢复专注值，但目前里头空无一物
1071	能恢复专注值
1072	能恢复专注值，但目前里头空无一物
1073	能恢复专注值
1074	能恢复专注值，但目前里头空无一物
1075	能恢复专注值
1100	能暂时提升精力的恢复速度
1101	
1102	
1103	
1104	
1105	
1106	
1107	
1108	
1109	
1110	能暂时提升免疫力
1111	
1112	
1113	
1114	
1115	
1116	
1117	
1118	
1119	
1120	能暂时提升健壮度
1121	
1122	
1123	
1124	
1125	
1126	
1127	
1128	
1129	
1130	能暂时提升理智度
1131	
1132	
1133	
1134	
1135	
1136	
1137	
1138	
1139	
1140	能暂时提升免疫力、健壮度、理智度
1141	
1142	
1143	
1144	
1145	
1146	
1147	
1148	
1149	
1150	能暂时提升魔力属性减伤率
1151	
1152	
1153	
1154	
1155	
1156	
1157	
1158	
1159	
1160	能暂时提升火属性减伤率
1161	
1162	
1163	
1164	
1165	
1166	
1167	
1168	
1169	
1170	能暂时提升雷属性减伤率
1171	
1172	
1173	
1174	
1175	
1176	
1177	
1178	
1179	
1180	能暂时提升圣属性减伤率
1181	
1182	
1183	
1184	
1185	
1186	
1187	
1188	
1189	
1190	能暂时提升观察力
1191	
1192	
1193	
1194	
1195	
1196	
1197	
1198	
1199	
1200	一定时间内，增加打倒敌人后获得的卢恩
1201	
1202	
1203	
1204	
1205	
1206	
1207	
1208	
1209	
1210	能暂时提升物理攻击力
1211	
1212	
1213	
1214	
1215	
1216	
1217	
1218	
1219	
1220	一定时间内，提升抗死度
1235	能恢复血量，但会陷入中毒状态
1236	
1237	
1238	
1239	
1240	发黄腐烂的罹病者眼球
1290	使用后能缓慢恢复专注值
1310	能暂时提升免疫力
1311	
1312	
1313	
1314	
1315	
1316	
1317	
1318	
1319	
1320	能暂时提升健壮度
1321	
1322	
1323	
1324	
1325	
1326	
1327	
1328	
1329	
1330	能暂时提升理智度
1331	
1332	
1333	
1334	
1335	
1336	
1337	
1338	
1339	
1340	能暂时提升免疫力、健壮度、理智度
1341	
1342	
1343	
1344	
1345	
1346	
1347	
1348	
1349	
1350	一定时间内，提升抗死度
1400	能涂在武器上，附加火属性攻击力
1401	
1402	
1403	
1404	
1405	
1406	
1407	
1408	
1409	
1410	能涂在武器上，附加雷属性攻击力
1411	
1412	
1413	
1414	
1415	
1416	
1417	
1418	
1419	
1420	能涂在武器上，附加魔力属性攻击力
1421	
1422	
1423	
1424	
1425	
1426	
1427	
1428	
1429	
1430	能涂在武器上，附加圣属性攻击力
1431	
1432	
1433	
1434	
1435	
1436	
1437	
1438	
1439	
1440	能涂在武器上，附加异常状态出血
1441	
1442	
1443	
1444	
1445	
1446	
1447	
1448	
1449	
1450	能涂在武器上，附加异常状态催眠
1451	
1452	
1453	
1454	
1455	
1456	
1457	
1458	
1459	
1460	能涂在武器上，附加异常状态中毒
1461	
1462	
1463	
1464	
1465	
1466	
1467	
1468	
1469	
1470	能涂在武器上，附加异常状态冻伤
1471	
1472	
1473	
1474	
1475	
1476	
1477	
1478	
1479	
1480	能涂在武器上，额外增加对龙的伤害
1481	
1482	
1483	
1484	
1485	
1486	
1487	
1488	
1489	
1490	能涂在武器上，附加异常状态猩红腐败
1491	
1492	
1493	
1494	
1495	
1496	
1497	
1498	
1499	
1500	能快速涂在武器上，附加火属性攻击力
1501	
1502	
1503	
1504	
1505	
1506	
1507	
1508	
1509	
1510	能快速涂在武器上，附加雷属性攻击力
1511	
1512	
1513	
1514	
1515	
1516	
1517	
1518	
1519	
1520	能快速涂在武器上，附加魔力属性攻击力
1521	
1522	
1523	
1524	
1525	
1526	
1527	
1528	
1529	
1530	能快速涂在武器上，附加圣属性攻击力
1531	
1532	
1533	
1534	
1535	
1536	
1537	
1538	
1539	
1540	能快速涂在武器上，附加异常状态出血
1541	
1542	
1543	
1544	
1545	
1546	
1547	
1548	
1549	
1550	能快速涂在武器上，附加异常状态催眠
1551	
1552	
1553	
1554	
1555	
1556	
1557	
1558	
1559	
1560	能快速涂在武器上，附加异常状态中毒
1561	
1562	
1563	
1564	
1565	
1566	
1567	
1568	
1569	
1570	能快速涂在武器上，附加异常状态“冻伤”
1590	能快速涂在武器上，附加异常状态猩红腐败
1690	能提升所有的减伤率，以及防御强度
1691	
1692	
1693	
1694	
1695	
1696	
1697	
1698	
1699	
1700	能射向敌人，给予伤害
1701	
1702	
1703	
1704	
1705	
1706	
1707	
1708	
1709	
1710	能射向敌人，给予伤害
1711	
1712	
1713	
1714	
1715	
1716	
1717	
1718	
1719	
1720	能射向敌人给予伤害，累积中毒量表
1721	
1722	
1723	
1724	
1725	
1726	
1727	
1728	
1729	
1730	能射向敌人给予伤害，累积出血量表
1731	
1732	
1733	
1734	
1735	
1736	
1737	
1738	
1739	
1740	能消耗专注值射向敌人，给予魔力属性伤害
1741	
1742	
1743	
1744	
1745	
1746	
1747	
1748	
1749	
1750	能将小刀以扇形射向敌人，给予伤害
1751	
1752	
1753	
1754	
1755	
1756	
1757	
1758	
1759	
1760	用于制作道具的其中一项材料
1810	能有效吸引野兽
1830	能丢向敌人，引发爆炸给予火属性伤害
1831	能将石块丢向敌人，引发爆炸给予火属性伤害
1832	
1833	
1834	
1835	
1836	
1837	
1838	
1839	
1840	能丢向敌人，累积中毒量表
1841	能将石块丢向敌人，累积中毒量表
2020	放置后能发出七色中任一颜色，成为发光路标
2021	
2022	
2023	
2024	
2025	
2026	
2027	
2028	
2029	
2030	放置后能散发光芒，照亮四周
2031	
2032	
2033	
2034	
2035	
2036	
2037	
2038	
2039	
2040	能够清楚看见远方的景色
2041	
2042	
2043	
2044	
2045	
2046	
2047	
2048	
2049	
2050	能发出光芒引路，但那光芒没有规律可言
2070	能挂在腰上，照亮四周
2071	
2072	
2073	
2074	
2075	
2076	
2077	
2078	
2079	
2080	能拨开黑剑的力量
2081	
2082	
2083	
2084	
2085	
2086	
2087	
2088	
2089	
2090	野兽祭司在收集、吞噬此物
2091	
2092	
2093	
2094	
2095	
2096	
2097	
2098	
2099	
2100	能暂时降低落下损伤、落地声响与脚步声
2120	在浑身沾上某物时，能去除全身的脏污
2121	
2122	
2123	
2124	
2125	
2126	
2127	
2128	
2129	
2130	能在结缘教堂用于赎罪
2131	
2132	
2133	
2134	
2135	
2136	
2137	
2138	
2139	
2140	能将曾被囚禁的玛尔基特暂时压制在地
2141	
2142	
2143	
2144	
2145	
2146	
2147	
2148	
2149	
2150	能将曾被囚禁的蒙格暂时压制在地
2151	
2152	
2153	
2154	
2155	
2156	
2157	
2158	
2159	
2160	能用于觐见蒙格，但现在时机未到
2190	受赐癫火后，能用此物镇定癫火
2191	
2192	
2193	
2194	
2195	
2196	
2197	
2198	
2199	
2200	能发出“你好”的声音
2201	能发出“谢谢”的声音
2202	能发出“对不起”的声音
2203	能发出“太棒了！”的声音
2204	能发出“救命啊……”的声音
2205	能发出“我爱你”的声音
2206	能发出“我们开始吧”的声音
2207	能发出“你长得很好看”的声音
2290	
2900	使用后能获得２００卢恩
2901	使用后能获得４００卢恩
2902	使用后能获得８００卢恩
2903	使用后能获得１２００卢恩
2904	使用后能获得１６００卢恩
2905	使用后能获得２０００卢恩
2906	使用后能获得２５００卢恩
2907	使用后能获得３０００卢恩
2908	使用后能获得３８００卢恩
2909	使用后能获得５０００卢恩
2910	使用后能获得６２５０卢恩
2911	使用后能获得７５００卢恩
2912	使用后能获得１００００卢恩
2913	使用后能获得１２５００卢恩
2914	使用后能获得１５０００卢恩
2915	使用后能获得２００００卢恩
2916	使用后能获得２５０００卢恩
2917	使用后能获得３００００卢恩
2918	使用后能获得３５０００卢恩
2919	使用后能获得５００００卢恩
2950	透过解指的帮助，能获得追忆之主的力量
2951	透过解指的帮助，能获得追忆之主的力量
2952	透过解指的帮助，能获得追忆之主的力量
2953	透过解指的帮助，能获得追忆之主的力量
2954	透过解指的帮助，能获得追忆之主的力量
2955	透过解指的帮助，能获得追忆之主的力量
2956	透过解指的帮助，能获得追忆之主的力量
2957	透过解指的帮助，能获得追忆之主的力量
2958	透过解指的帮助，能获得追忆之主的力量
2959	透过解指的帮助，能获得追忆之主的力量
2960	透过解指的帮助，能获得追忆之主的力量
2961	透过解指的帮助，能获得追忆之主的力量
2962	透过解指的帮助，能获得追忆之主的力量
2963	透过解指的帮助，能获得追忆之主的力量
2964	透过解指的帮助，能获得追忆之主的力量
2990	使用后能获得３０００卢恩
2991	
2992	
2993	
2994	
2995	
2996	
2997	
2998	
2999	
3000	能消耗专注值，喷出灵魂水雾
3001	
3002	
3003	
3004	
3005	
3006	
3007	
3008	
3009	
3010	能消耗专注值，释放穷追不舍的咒魂
3011	能消耗专注值，释放大量穷追不舍的咒魂
3012	
3013	
3014	
3015	
3016	
3017	
3018	
3019	
3020	能消耗专注值，召唤光芒暴雨
3021	
3022	
3023	
3024	
3025	
3026	
3027	
3028	
3029	
3030	能消耗专注值，形成魔力球
3031	
3032	
3033	
3034	
3035	
3036	
3037	
3038	
3039	
3040	能消耗专注值，拟态成各种物体
3041	
3042	
3043	
3044	
3045	
3046	
3047	
3048	
3049	
3050	能消耗专注值捏碎，形成魔力球
3051	能消耗专注值捏碎，形成大量魔力球
3052	
3053	
3054	
3055	
3056	
3057	
3058	
3059	
3060	能消耗专注值，引发扇形的重力冲击波
3061	
3062	
3063	
3064	
3065	
3066	
3067	
3068	
3069	
3070	能消耗专注值丢出，引发重力爆炸
3071	
3072	
3073	
3074	
3075	
3076	
3077	
3078	
3079	
3080	能消耗专注值摇动，召唤徘徊的咒魂
3300	能消耗专注值涂在武器上，净化死诞者
3301	
3302	
3303	
3304	
3305	
3306	
3307	
3308	
3309	
3310	能消耗专注值，让附近的人物持续恢复血量
3311	身怀癫火的人物，能持续恢复血量
3312	
3313	
3314	
3315	
3316	
3317	
3318	
3319	
3320	能接收到更多来自其他世界的讯息
3350	能消耗专注值，让刺中的敌人受到魅惑
3351	
3352	
3353	
3354	
3355	
3356	
3357	
3358	
3359	
3360	能消耗专注值，暂时提升强韧度
3361	能消耗专注值，暂时提升强韧度
3500	能提升我方的攻击力，仅限一次减少受到的损伤
3501	
3502	
3503	
3504	
3505	
3506	
3507	
3508	
3509	
3510	能消耗专注值，释放大范围火花
3511	
3512	
3513	
3514	
3515	
3516	
3517	
3518	
3519	
3520	能消耗专注值，暂时让全身化为铁块
3550	能消耗专注值，暂时让情绪充满狂热
3580	能消耗专注值，吐出毒粉雾
3610	能消耗专注值，吐出强酸粉雾
4000	从手杖的辉石释放魔力石砾
4001	从手杖的辉石释放大块魔力石砾
4002	
4003	
4004	
4005	
4006	
4007	
4008	
4009	
4010	从手杖的辉石快速释放魔力石砾
4011	
4012	
4013	
4014	
4015	
4016	
4017	
4018	
4019	
4020	释放拖长尾巴的魔力彗星
4021	释放等同魔力大彗星的帚星
4022	
4023	
4024	
4025	
4026	
4027	
4028	
4029	
4030	释放以漩涡状飞出的两道石砾
4031	
4032	
4033	
4034	
4035	
4036	
4037	
4038	
4039	
4040	释放朝目标飞去的三道流星
4041	
4042	
4043	
4044	
4045	
4046	
4047	
4048	
4049	
4050	释放朝目标飞去的六道流星
4051	
4052	
4053	
4054	
4055	
4056	
4057	
4058	
4059	
4060	连续释放辉石结晶碎片
4061	
4062	
4063	
4064	
4065	
4066	
4067	
4068	
4069	
4070	释放大幅横向扩散的魔力弯弧
4071	
4072	
4073	
4074	
4075	
4076	
4077	
4078	
4079	
4080	释放以拋物线飞去的魔力炮弹
4081	
4082	
4083	
4084	
4085	
4086	
4087	
4088	
4089	
4090	同时释放大量辉石结晶碎片
4091	
4092	
4093	
4094	
4095	
4096	
4097	
4098	
4099	
4100	将手杖刺入地面，在周围引发魔力冲击波
4101	
4102	
4103	
4104	
4105	
4106	
4107	
4108	
4109	
4110	将手杖刺入地面，引发大幅度的魔力冲击波
4111	
4112	
4113	
4114	
4115	
4116	
4117	
4118	
4119	
4120	形成魔力大槌，使出敲击
4121	
4122	
4123	
4124	
4125	
4126	
4127	
4128	
4129	
4130	在魔法阵内的人物能提升魔法威力
4131	
4132	
4133	
4134	
4135	
4136	
4137	
4138	
4139	
4140	释放浮空的小颗星光，照亮四周
4200	释放等同星空激流的极大型彗星
4201	
4202	
4203	
4204	
4205	
4206	
4207	
4208	
4209	
4210	一定时间内，降下磅礡的星雨
4211	
4212	
4213	
4214	
4215	
4216	
4217	
4218	
4219	
4220	释放朝目标飞去的十二道深色流星
4300	形成魔力辉剑排成的圆阵
4301	形成大量魔力辉剑排成的圆阵
4302	形成巨型魔力辉剑排成的圆阵
4360	呼唤满月降临自身，月亮将朝敌人飞去
4361	呼唤冰冷暗月降临自身，月亮将朝敌人飞去
4362	
4363	
4364	
4365	
4366	
4367	
4368	
4369	
4370	放出浮空魔力块，再大范围降下魔力球
4371	
4372	
4373	
4374	
4375	
4376	
4377	
4378	
4379	
4380	形成魔力大弓，射出大箭
4381	形成魔力大弓，同时射出４支大箭
4382	
4383	
4384	
4385	
4386	
4387	
4388	
4389	
4390	在自身头上画出魔法阵，形成延后现形的辉剑
4391	
4392	
4393	
4394	
4395	
4396	
4397	
4398	
4399	
4400	从手杖的辉石释放冰冷的魔力块
4401	
4402	
4403	
4404	
4405	
4406	
4407	
4408	
4409	
4410	将手杖刺入地面，在周围形成寒气风暴
4411	
4412	
4413	
4414	
4415	
4416	
4417	
4418	
4419	
4420	朝前方形成冰冷寒雾
4421	
4422	
4423	
4424	
4425	
4426	
4427	
4428	
4429	
4430	形成魔力大剑，使出横扫
4431	使出横扫的同时，释放寒气刀刃
4432	
4433	
4434	
4435	
4436	
4437	
4438	
4439	
4440	形成魔力剑，使出快速横扫
4441	
4442	
4443	
4444	
4445	
4446	
4447	
4448	
4449	
4450	形成魔力大剑，使出突刺
4451	
4452	
4453	
4454	
4455	
4456	
4457	
4458	
4459	
4460	在右手武器附加魔力属性攻击力
4461	
4462	
4463	
4464	
4465	
4466	
4467	
4468	
4469	
4470	以魔力提升左手盾牌的减伤率
4471	
4472	
4473	
4474	
4475	
4476	
4477	
4478	
4479	
4480	减轻催眠、发狂量表的累积
4481	
4482	
4483	
4484	
4485	
4486	
4487	
4488	
4489	
4490	在右手武器附加异常状态冻伤
4491	
4492	
4493	
4494	
4495	
4496	
4497	
4498	
4499	
4500	形成结晶块，粉碎后朝前方释放
4501	
4502	
4503	
4504	
4505	
4506	
4507	
4508	
4509	
4510	降下大范围、气势磅礡的结晶碎片
4511	
4512	
4513	
4514	
4515	
4516	
4517	
4518	
4519	
4520	形成结晶块，连续释放结晶碎片
4600	释放会从远方偷袭敌人背后的石砾
4601	
4602	
4603	
4604	
4605	
4606	
4607	
4608	
4609	
4610	快速释放难以辨识的魔力石砾
4611	
4612	
4613	
4614	
4615	
4616	
4617	
4618	
4619	
4620	释放难以辨识的魔力彗星
4621	
4622	
4623	
4624	
4625	
4626	
4627	
4628	
4629	
4630	形成魔力力场，拨开魔法与祷告
4631	
4632	
4633	
4634	
4635	
4636	
4637	
4638	
4639	
4640	消除魔法与祷告后，再借力形成辉剑
4641	
4642	
4643	
4644	
4645	
4646	
4647	
4648	
4649	
4650	形成黑暗，吸引魔法与祷告
4651	
4652	
4653	
4654	
4655	
4656	
4657	
4658	
4659	
4660	完全消除右手武器的模样
4661	
4662	
4663	
4664	
4665	
4666	
4667	
4668	
4669	
4670	将难以辨识施展者的身影
4700	从虚无空间召唤小颗陨石，引发坠落
4701	从虚无空间召唤大量小颗陨石，引发坠落
4702	
4703	
4704	
4705	
4706	
4707	
4708	
4709	
4710	从地面召唤、释放岩石块
4711	
4712	
4713	
4714	
4715	
4716	
4717	
4718	
4719	
4720	释放重力球，命中的对象会被拉向自己
4721	释放多颗重力球，命中的对象会被拉向自己
4800	释放命中后会爆炸的熔岩球
4801	
4802	
4803	
4804	
4805	
4806	
4807	
4808	
4809	
4810	从地面引起熔岩喷发，洒向四周
4811	
4812	
4813	
4814	
4815	
4816	
4817	
4818	
4819	
4820	释放命中后会延迟爆炸的熔岩球
4821	
4822	
4823	
4824	
4825	
4826	
4827	
4828	
4829	
4830	释放受熏烧的怨魂，引发延迟性的连续爆炸
4900	伤害自己，召唤漩涡状的鲜血大荆棘
4901	
4902	
4903	
4904	
4905	
4906	
4907	
4908	
4909	
4910	伤害自己，召唤爬走地面的鲜血荆棘
5000	召唤穷追不舍的怨魂群
5001	召唤大量穷追不舍的怨魂群
5002	
5003	
5004	
5005	
5006	
5007	
5008	
5009	
5010	引发灵火爆炸，大范围燃烧四周
5011	
5012	
5013	
5014	
5015	
5016	
5017	
5018	
5019	
5020	朝前方形成死亡烟雾
5021	
5022	
5023	
5024	
5025	
5026	
5027	
5028	
5029	
5030	召唤因死迷途的人群
5031	
5032	
5033	
5034	
5035	
5036	
5037	
5038	
5039	
5040	在周围降下剧烈的死亡落雷
5100	释放数个小型的魔力泡泡
5101	
5102	
5103	
5104	
5105	
5106	
5107	
5108	
5109	
5110	释放一个大型的魔力泡泡
6000	从手中引发瞬间燃烧的火焰
6001	从手中引发瞬间剧烈燃烧的火焰
6002	
6003	
6004	
6005	
6006	
6007	
6008	
6009	
6010	丢掷燃烧的火焰球
6011	
6012	
6013	
6014	
6015	
6016	
6017	
6018	
6019	
6020	一口气丢掷多颗火焰球
6021	
6022	
6023	
6024	
6025	
6026	
6027	
6028	
6029	
6030	朝前方横扫持续喷出、漩涡状燃烧的火焰
6031	
6032	
6033	
6034	
6035	
6036	
6037	
6038	
6039	
6040	减轻中毒、猩红腐败量表的累积，治愈上述异常状态
6041	
6042	
6043	
6044	
6045	
6046	
6047	
6048	
6049	
6050	提升物理攻击力与火属性攻击力
6051	
6052	
6053	
6054	
6055	
6056	
6057	
6058	
6059	
6060	大幅提升火属性减伤率
6100	丢掷燃烧的巨大火焰球
6101	
6102	
6103	
6104	
6105	
6106	
6107	
6108	
6109	
6110	丢掷熊熊燃烧的火焰球，引发爆炸、燃烧四周
6111	
6112	
6113	
6114	
6115	
6116	
6117	
6118	
6119	
6120	在自身周围燃起接连形成的火焰柱
6210	丢掷燃烧的黑焰球
6211	
6212	
6213	
6214	
6215	
6216	
6217	
6218	
6219	
6220	朝前方喷出持续并剧烈燃烧的火焰
6221	
6222	
6223	
6224	
6225	
6226	
6227	
6228	
6229	
6230	朝前方大幅度横扫黑焰
6231	
6232	
6233	
6234	
6235	
6236	
6237	
6238	
6239	
6240	在自身周围燃起环绕的黑焰柱
6241	
6242	
6243	
6244	
6245	
6246	
6247	
6248	
6249	
6250	在右手武器缠绕黑焰
6251	
6252	
6253	
6254	
6255	
6256	
6257	
6258	
6259	
6260	提升物理减伤率
6261	
6262	
6263	
6264	
6265	
6266	
6267	
6268	
6269	
6270	大幅度突出腹部，形成弹飞周围人物的冲击波
6300	朝前方形成血焰爪痕，随后引发爆炸
6301	
6302	
6303	
6304	
6305	
6306	
6307	
6308	
6309	
6310	朝前方喷洒血焰，引发燃烧
6311	
6312	
6313	
6314	
6315	
6316	
6317	
6318	
6319	
6320	在右手武器缠绕血焰
6321	
6322	
6323	
6324	
6325	
6326	
6327	
6328	
6329	
6330	包含周围我方人物，大幅提升魔力属性减伤率
6331	
6332	
6333	
6334	
6335	
6336	
6337	
6338	
6339	
6340	包含周围我方人物，提升所有属性的减伤率
6400	形成弹飞周围人物的冲击波
6401	
6402	
6403	
6404	
6405	
6406	
6407	
6408	
6409	
6410	形成弹飞周围人物的黄金冲击波
6411	
6412	
6413	
6414	
6415	
6416	
6417	
6418	
6419	
6420	些微恢复血量
6421	包含周围我方人物，恢复血量
6422	包含周围我方人物，大幅恢复血量
6423	包含周围我方人物，极大幅恢复血量
6424	包含周围我方人物，巨幅恢复血量
6425	
6426	
6427	
6428	
6429	
6430	包含周围我方人物，赐予恩惠赐福
6431	包含周围我方人物，赐予强大的恩惠赐福
6432	
6433	
6434	
6435	
6436	
6437	
6438	
6439	
6440	减轻中毒量表的累积，治愈中毒状态
6441	包含周围我方人物，减轻中毒、出血、催眠量表的累积
6442	
6443	
6444	
6445	
6446	
6447	
6448	
6449	
6450	提升火属性减伤率
6451	
6452	
6453	
6454	
6455	
6456	
6457	
6458	
6459	
6460	提升魔力属性减伤率
6461	
6462	
6463	
6464	
6465	
6466	
6467	
6468	
6469	
6470	提升雷属性减伤率
6471	
6472	
6473	
6474	
6475	
6476	
6477	
6478	
6479	
6480	提升圣属性减伤率
6481	
6482	
6483	
6484	
6485	
6486	
6487	
6488	
6489	
6490	包含周围我方人物，大幅提升圣属性减伤率
6491	
6492	
6493	
6494	
6495	
6496	
6497	
6498	
6499	
6500	朝前方形成侵蚀生命的银色烟雾
6501	
6502	
6503	
6504	
6505	
6506	
6507	
6508	
6509	
6510	消除脚步声，并降低落下损伤与落地声响
6511	
6512	
6513	
6514	
6515	
6516	
6517	
6518	
6519	
6520	朝前方放出影子，吸引有着人类之身的敌人攻击
6521	
6522	
6523	
6524	
6525	
6526	
6527	
6528	
6529	
6530	让黑暗覆盖四周，隐藏执行者的身影
6600	包含周围我方人物，提升攻击力与防御力
6700	朝前方形成、释放黄金光环
6701	朝前方形成、释放三个黄金光环
6702	
6703	
6704	
6705	
6706	
6707	
6708	
6709	
6710	形成、扩大黄金光环，攻击四周
6711	
6712	
6713	
6714	
6715	
6716	
6717	
6718	
6719	
6720	形成无数颗黄金流星，攻击四周
6721	
6722	
6723	
6724	
6725	
6726	
6727	
6728	
6729	
6730	治愈所有异常状态，并消除特殊效果
6731	
6732	
6733	
6734	
6735	
6736	
6737	
6738	
6739	
6740	提升左手盾牌的属性、异常状态的减伤率
6741	
6742	
6743	
6744	
6745	
6746	
6747	
6748	
6749	
6750	模仿圣律的模样，给予圣属性伤害
6751	
6752	
6753	
6754	
6755	
6756	
6757	
6758	
6759	
6760	受到一定程度的攻击后，会自动反击
6761	
6762	
6763	
6764	
6765	
6766	
6767	
6768	
6769	
6770	在右手武器附加圣属性攻击力
6771	
6772	
6773	
6774	
6775	
6776	
6777	
6778	
6779	
6780	减轻死亡量表的累积
6800	快速释放大量锐利石片
6801	
6802	
6803	
6804	
6805	
6806	
6807	
6808	
6809	
6810	朝前方丢掷巨大岩石
6811	
6812	
6813	
6814	
6815	
6816	
6817	
6818	
6819	
6820	长出兽爪，以冲击撕裂地面
6821	
6822	
6823	
6824	
6825	
6826	
6827	
6828	
6829	
6830	长出兽爪，以冲击撕裂四周
6831	
6832	
6833	
6834	
6835	
6836	
6837	
6838	
6839	
6840	一定时间内，持续恢复血量
6841	
6842	
6843	
6844	
6845	
6846	
6847	
6848	
6849	
6850	减轻出血、冻伤量表的累积
6900	召唤雷电枪，朝前方丢掷
6901	
6902	
6903	
6904	
6905	
6906	
6907	
6908	
6909	
6910	召唤红落雷，朝周围爬窜
6911	
6912	
6913	
6914	
6915	
6916	
6917	
6918	
6919	
6920	召唤落雷，朝前方爬窜
6921	召唤冰雷枪，从空中刺入地面
6922	
6923	
6924	
6925	
6926	
6927	
6928	
6929	
6930	在目标头上降下落雷
6931	
6932	
6933	
6934	
6935	
6936	
6937	
6938	
6939	
6940	召唤红雷枪，从空中刺入地面
6941	召唤两支红雷枪，从空中连续刺入地面
6942	
6943	
6944	
6945	
6946	
6947	
6948	
6949	
6950	召唤红雷刀，从空中横扫
6951	
6952	
6953	
6954	
6955	
6956	
6957	
6958	
6959	
6960	在右手武器附加雷属性攻击力
6961	
6962	
6963	
6964	
6965	
6966	
6967	
6968	
6969	
6970	召唤红色雷电，缠绕右手武器与全身
6971	召唤雷电，缠绕执行者全身
7000	将自身化为龙，喷出火焰吐息
7001	从空中喷出“飞龙”亚基尔的火焰
7002	
7003	
7004	
7005	
7006	
7007	
7008	
7009	
7010	将自身化为土龙，喷出熔岩吐息
7011	喷出“大土龙”席欧朵利克的熔岩吐息
7012	
7013	
7014	
7015	
7016	
7017	
7018	
7019	
7020	将自身化为龙，喷出寒冰吐息
7021	从空中喷出玻列琉斯的冰雾
7022	
7023	
7024	
7025	
7026	
7027	
7028	
7029	
7030	将自身化为龙，喷出猩红腐败吐息
7031	从空中喷出艾格基斯的猩红腐败吐息
7032	
7033	
7034	
7035	
7036	
7037	
7038	
7039	
7040	将自身化为龙，喷出魔力吐息
7041	从空中喷出“辉石龙”史玛拉格的魔力吐息
7042	
7043	
7044	
7045	
7046	
7047	
7048	
7049	
7050	从空中喷出“龙王”普拉顿桑克斯的金色吐息
7051	
7052	
7053	
7054	
7055	
7056	
7057	
7058	
7059	
7060	将自身化为龙，以龙爪撕裂敌人
7080	将自身化为龙，朝前方咬碎敌人
7081	
7082	
7083	
7084	
7085	
7086	
7087	
7088	
7089	
7090	响彻“古老龙”桂奥尔的巨响咆哮
7091	
7092	
7093	
7094	
7095	
7096	
7097	
7098	
7099	
7100	
7200	分泌大量具粘性的丝线，朝前方释放
7201	
7202	
7203	
7204	
7205	
7206	
7207	
7208	
7209	
7210	朝前方释放一群血蝇，袭击敌人
7211	
7212	
7213	
7214	
7215	
7216	
7217	
7218	
7219	
7220	朝前方形成毒性烟雾
7221	
7222	
7223	
7224	
7225	
7226	
7227	
7228	
7229	
7230	在右手武器缠绕毒素
7231	
7232	
7233	
7234	
7235	
7236	
7237	
7238	
7239	
7240	绽放大株花朵，引爆猩红腐败
7300	抓住目标，传染异常状态发狂
7301	
7302	
7303	
7304	
7305	
7306	
7307	
7308	
7309	
7310	从眼睛迸发黄色癫火
7311	从眼睛迸发剧烈黄色癫火
7312	
7313	
7314	
7315	
7316	
7317	
7318	
7319	
7320	从眼睛凝聚、释放黄色癫火
7321	
7322	
7323	
7324	
7325	
7326	
7327	
7328	
7329	
7330	发出疯狂吼声，让周围人物累积发狂量表
7500	形成修长的尾巴，横扫前方
7501	
7502	
7503	
7504	
7505	
7506	
7507	
7508	
7509	
7510	在肩膀形成硬角，压低姿势再向上突刺
7511	
7512	
7513	
7514	
7515	
7516	
7517	
7518	
7519	
7520	形成巨大喉囊，一边走动一边喷出火焰吐息
7521	
7522	
7523	
7524	
7525	
7526	
7527	
7528	
7529	
7530	形成黑剑，旋转的同时攻击敌人，再释放光波
7900	引发剧烈自燃，连同周围一起燃烧
7901	
7902	
7903	包含周围我方人物，大幅提升雷属性减伤率
8000	能解开小恶魔像的封印，但使用后会消失
8001	
8002	
8003	
8004	
8005	
8006	
8007	
8008	
8009	
8010	能打开史东薇尔城内上锁的门
8102	高举祈祷后，能获得庇佑
8103	
8104	
8105	拼合符节，能够启动迪可达斯大升降机
8106	拼合符节，能够启动迪可达斯大升降机
8107	能够启动洛德大升降机
8108	
8109	与学院２道大门的封印有关的钥匙
8110	
8111	揭开卡利亚书斋隐藏样貌的关键
8112	
8113	
8114	
8115	
8116	
8117	
8118	
8119	
8120	
8121	“月之公主”菈妮的冰冷契约戒指
8122	
8123	
8124	
8125	
8126	骑士维克烧烂发黄的眼球
8127	来自火山官邸的委托信\n按下<?keyicon@31?>能确认内容
8128	能够忘记一切痛苦、烦恼的秘药
8129	仪式下的弃子在母体内包覆的羊膜
8130	伊蕾娜不离身的项链
8131	寄给摩恩城的掌权者，伊蕾娜的父亲的信
8132	来自火山官邸的委托信\n按下<?keyicon@31?>能确认内容
8133	来自火山官邸的委托信\n按下<?keyicon@31?>能确认内容
8134	火山官邸的客房钥匙
8135	
8136	菈雅被流氓拿走的项链
8137	内容写着邀请加入火山官邸的信
8138	
8139	
8140	
8141	
8142	能作为特殊药水的材料
8143	寄给辉石魔法师瑟濂的介绍信
8144	魔法师瑟濂体内的辉石
8145	
8146	和魔女菈妮一模一样的小人偶
8147	寄生在褪色者身上的阿史米
8148	失去恩惠力量的葛瑞克的大卢恩
8149	失去恩惠力量的拉塔恩的大卢恩
8150	失去恩惠力量的蒙葛特的大卢恩
8151	失去恩惠力量的拉卡德的大卢恩
8152	失去恩惠力量的蒙格的大卢恩
8153	失去恩惠力量的玛莲妮亚的大卢恩
8154	梵雷给予的纯白立誓布
8155	沾满女巫血液，通红的立誓布
8156	绑在墓地乌鸦的鸟爪上的信
8157	
8158	能从骨灰召唤各种灵魂的摇铃
8159	“永恒之城”诺克隆恩的秘密宝藏
8160	
8161	亚人柏克很珍惜的缝衣针
8162	修改半神服装用的特殊缝衣针
8163	能在赐福修改防具
8164	魔法教授赛尔维斯给予的小药瓶
8165	
8166	闪耀着琥珀色光芒，用于“秘密”的药水
8167	来自火山官邸的委托信，收件人为帕奇\n按下<?keyicon@31?>能确认内容
8168	异国舞娘使用的小型打击乐器
8169	能解除囚禁卢瑟特大师的封印
8170	
8171	用天鹅绒红布包住的别针
8172	阴谋之夜的仪式留下的烙印
8173	来自火山官邸的委托信，收件人为贝纳尔\n按下<?keyicon@31?>能确认内容
8174	与学院２道大门的封印有关的钥匙
8175	拼合符节，能够启动洛德大升降机
8176	拼合符节，能够启动洛德大升降机
8177	
8178	
8179	
8180	
8181	内容写着有关大商队的信
8182	能用在修复濒毁的艾尔登法环
8183	能用在修复濒毁的艾尔登法环
8184	能用在修复濒毁的艾尔登法环
8185	“满月女王”蕾娜菈的重新诞生用的材料
8186	能解除传送门的封印，但使用后会消失
8187	和魔女菈妮一模一样的小人偶
8188	能在赐福修改半神的服装
8189	在伊吉的尸体上，手里拿的一封自白信
8190	标示黑刀烙印所在地的简易地图\n按下<?keyicon@31?>能确认详细内容
8191	在“月之公主”菈妮舍弃的身体上，被刻下的咒痕
8192	寄生在褪色者身上的阿史米蜕壳
8193	从食粪者杀害、玷污的尸体诞生的诅咒
8194	任何人召唤皆不回应的老鹰骨灰
8195	寄生在褪色者身上的阿史米
8196	造型纤细优美的纯净金针
8197	能打开王城罗德尔地底，下水道监牢上锁的门
8198	标示会合地点的简易地图\n按下<?keyicon@31?>能确认详细内容
8199	传承给卡利亚的公主，用来打开宝箱的钥匙
8200	以《归巢》为题的绘画记忆\n按下<?keyicon@31?>能确认详细内容
8201	以《再世》为题的绘画记忆\n按下<?keyicon@31?>能确认详细内容
8202	以《英雄之歌》为题的绘画记忆\n按下<?keyicon@31?>能确认详细内容
8203	以《魔法师》为题的绘画记忆\n按下<?keyicon@31?>能确认详细内容
8204	以《预言》为题的绘画记忆\n按下<?keyicon@31?>能确认详细内容
8205	以《不飞之鸟》为题的绘画记忆\n按下<?keyicon@31?>能确认详细内容
8206	以《红狮子》为题的绘画记忆\n按下<?keyicon@31?>能确认详细内容
8221	写着留言，内容简略的信\n按下<?keyicon@31?>能确认内容
8222	“战士壶”亚历山大的遗物
8223	有着颤抖字迹的信\n按下<?keyicon@31?>能确认内容
8224	写着扼要情报的文件\n按下<?keyicon@31?>能确认内容
8225	老旧的简易地图\n按下<?keyicon@31?>能确认详细内容
8226	写着扼要情报的文件
8227	老旧的简易地图
8500	拥有后，能够制作道具
8590	能赋予武器新的战技与属性
8591	
8592	
8593	
8594	
8595	
8596	
8597	
8598	
8599	
8600	宁姆格福地区，西边的地图碎片
8601	啜泣半岛的地图碎片
8602	宁姆格福地区，东边的地图碎片
8603	利耶尼亚地区，东边的地图碎片
8604	利耶尼亚地区，北边的地图碎片
8605	利耶尼亚地区，西边的地图碎片
8606	亚坛高原的地图碎片
8607	王城罗德尔的地图碎片
8608	格密尔火山的地图碎片
8609	盖利德的地图碎片
8610	龙墓的地图碎片
8611	巨人山顶，西边的地图碎片
8612	巨人山顶，东边的地图碎片
8613	安瑟尔河的地图碎片
8614	腐败湖的地图碎片
8615	希芙拉河的地图碎片
8616	蒙格温王朝的地图碎片
8617	深根底层的地图碎片
8618	化圣雪原的地图碎片
8660	从小恶魔像获得的简易地图\n按下<?keyicon@31?>能确认详细内容
8700	写着扼要情报的文件\n按下<?keyicon@31?>能确认内容
8701	写着扼要情报的文件\n按下<?keyicon@31?>能确认内容
8702	写着扼要情报的文件\n按下<?keyicon@31?>能确认内容
8703	写着扼要情报的文件\n按下<?keyicon@31?>能确认内容
8704	写着扼要情报的文件\n按下<?keyicon@31?>能确认内容
8705	写着扼要情报的文件\n按下<?keyicon@31?>能确认内容
8706	写着扼要情报的文件\n按下<?keyicon@31?>能确认内容
8707	写着扼要情报的文件\n按下<?keyicon@31?>能确认内容
8708	写着扼要情报的文件\n按下<?keyicon@31?>能确认内容
8709	写着扼要情报的文件\n按下<?keyicon@31?>能确认内容
8710	写着扼要情报的文件\n按下<?keyicon@31?>能确认内容
8711	写着扼要情报的文件\n按下<?keyicon@31?>能确认内容
8712	写着扼要情报的文件\n按下<?keyicon@31?>能确认内容
8713	写着扼要情报的文件\n按下<?keyicon@31?>能确认内容
8714	写着扼要情报的文件\n按下<?keyicon@31?>能确认内容
8715	写着扼要情报的文件\n按下<?keyicon@31?>能确认内容
8716	写着扼要情报的文件\n按下<?keyicon@31?>能确认内容
8717	写着扼要情报的文件\n按下<?keyicon@31?>能确认内容
8750	写着扼要情报的文件
8751	写着扼要情报的文件
8752	写着扼要情报的文件
8753	写着扼要情报的文件
8754	写着扼要情报的文件
8755	写着扼要情报的文件
8756	写着扼要情报的文件
8757	写着扼要情报的文件
8758	写着扼要情报的文件
8759	写着扼要情报的文件
8760	写着扼要情报的文件
8761	写着扼要情报的文件
8762	写着扼要情报的文件
8763	写着扼要情报的文件
8764	
8765	写着扼要情报的文件
8766	
8767	写着扼要情报的文件
8850	交给魔法的老师，能学习魔法
8851	交给魔法的老师，能学习魔法
8852	
8853	
8854	
8855	交给祷告的老师，能学习祷告
8856	交给祷告的老师，能学习祷告
8857	交给祷告的老师，能学习祷告
8858	交给祷告的老师，能学习祷告
8859	交给祷告的老师，能学习祷告
8860	写着关于祷告学问的卷轴
8861	写着关于祷告学问的卷轴
8862	交给祷告的老师，能学习祷告
8863	写着关于祷告学问的卷轴
8864	交给祷告的老师，能学习祷告
8865	交给祷告的老师，能学习祷告
8866	交给魔法的老师，能学习魔法
8910	献给孪生老妪，能够增加交易项目
8911	献给孪生老妪，能够增加交易项目
8912	献给孪生老妪，能够增加交易项目
8913	献给孪生老妪，能够增加交易项目
8914	
8915	献给孪生老妪，能够增加交易项目
8916	献给孪生老妪，能够增加交易项目
8917	献给孪生老妪，能够增加交易项目
8918	献给孪生老妪，能够增加交易项目
8919	献给孪生老妪，能够增加交易项目
8920	献给孪生老妪，能够增加交易项目
8921	献给孪生老妪，能够增加交易项目
8922	献给孪生老妪，能够增加交易项目
8923	献给孪生老妪，能够增加交易项目
8924	献给孪生老妪，能够增加交易项目
8925	献给孪生老妪，能够增加交易项目
8926	献给孪生老妪，能够增加交易项目
8927	献给孪生老妪，能够增加交易项目
8928	献给孪生老妪，能够增加交易项目
8929	献给孪生老妪，能够增加交易项目
8930	献给孪生老妪，能够增加交易项目
8931	献给孪生老妪，能够增加交易项目
8932	献给孪生老妪，能够增加交易项目
8933	献给孪生老妪，能够增加交易项目
8934	献给孪生老妪，能够增加交易项目
8935	献给孪生老妪，能够增加交易项目
8936	献给孪生老妪，能够增加交易项目
8937	献给孪生老妪，能够增加交易项目
8938	献给孪生老妪，能够增加交易项目
8939	献给孪生老妪，能够增加交易项目
8940	献给孪生老妪，能够增加交易项目
8941	献给孪生老妪，能够增加交易项目
8942	献给孪生老妪，能够增加交易项目
8943	献给孪生老妪，能够增加交易项目
8944	献给孪生老妪，能够增加交易项目
8945	献给孪生老妪，能够增加交易项目
8946	献给孪生老妪，能够增加交易项目
8947	献给孪生老妪，能够增加交易项目
8948	献给孪生老妪，能够增加交易项目
8949	
8950	
8951	献给孪生老妪，能够增加交易项目
8952	献给孪生老妪，能够增加交易项目
8953	献给孪生老妪，能够增加交易项目
8954	献给孪生老妪，能够增加交易项目
8955	献给孪生老妪，能够增加交易项目
8956	献给孪生老妪，能够增加交易项目
8957	献给孪生老妪，能够增加交易项目
8958	献给孪生老妪，能够增加交易项目
8959	献给孪生老妪，能够增加交易项目
8960	献给孪生老妪，能够增加交易项目
8961	献给孪生老妪，能够增加交易项目
8962	献给孪生老妪，能够增加交易项目
8963	献给孪生老妪，能够增加交易项目
8964	献给孪生老妪，能够增加交易项目
8965	献给孪生老妪，能够增加交易项目
8966	
8967	
8968	
8969	
8970	在赋予属性时，能够追加属性选择
8971	在赋予属性时，能够追加属性选择
8972	在赋予属性时，能够追加属性选择
8973	在赋予属性时，能够追加属性选择
8974	在赋予属性时，能够追加属性选择
8975	造型纤细优美的纯净金针，但已折成两半
8976	造型纤细优美的纯净金针，已经修复完成
8977	据说是单臂女武神使用的黄金义手
8978	贤者格威交出的纸片\n按下<?keyicon@31?>能确认内容
8979	据说靠近死根时，会产生颤动
8980	“死眠少女”菲雅托付的短剑
9000	敬礼
9001	郑重地敬礼
9002	严谨地敬礼
9003	
9004	恭敬地敬礼
9005	
9006	
9007	挥手
9008	
9009	用力握拳
9010	
9011	
9012	
9013	
9014	
9015	
9016	
9017	
9018	
9019	
9020	欢呼
9021	
9022	以剑立誓
9023	我要消灭你
9024	愿火焰常在我心
9025	卡利亚式发誓
9026	
9027	开心到跳起来
9028	
9029	
9030	
9031	沮丧
9032	
9033	
9034	立单膝而坐
9035	
9036	
9037	
9038	
9039	
9040	有何贵干？
9041	
9042	绝望下的期望
9043	
9044	
9045	
9046	
9047	
9048	
9049	
9050	
9100	关于“赐福”的说明\n按下<?keyicon@31?>能确认内容
9101	关于“魔法与祷告”的说明\n按下<?keyicon@31?>能确认内容
9102	关于“弓”的说明\n按下<?keyicon@31?>能确认内容
9103	关于“蹲下”的说明\n按下<?keyicon@31?>能确认内容
9104	关于“失去平衡”的说明\n按下<?keyicon@31?>能确认内容
9105	关于“玛莉卡楔石”的说明\n按下<?keyicon@31?>能确认内容
9106	关于“防御反击”的说明\n按下<?keyicon@31?>能确认内容
9107	关于“地图”的说明\n按下<?keyicon@31?>能确认内容
9108	关于“赐福的指引”的说明\n按下<?keyicon@31?>能确认内容
9109	关于“骑马”的说明\n按下<?keyicon@31?>能确认内容
9110	关于“死亡”的说明\n按下<?keyicon@31?>能确认内容
9111	关于“召唤灵魂”的说明\n按下<?keyicon@31?>能确认内容
9112	关于“防御”的说明\n按下<?keyicon@31?>能确认内容
9113	关于“制作道具”的说明\n按下<?keyicon@31?>能确认内容
9114	
9115	关于“灵药圣杯瓶”的说明\n按下<?keyicon@31?>能确认内容
9116	关于“赋予战技”的说明\n按下<?keyicon@31?>能确认内容
9117	关于“鸟瞰镜”的说明\n按下<?keyicon@31?>能确认内容
9118	关于“灵魂气流跳跃”的说明\n按下<?keyicon@31?>能确认内容
9119	关于“打败敌对团体”的说明\n按下<?keyicon@31?>能确认内容
9120	关于“露滴粪金龟”的说明\n按下<?keyicon@31?>能确认内容
9121	关于“召唤其他玩家”的说明\n按下<?keyicon@31?>能确认内容
9122	关于“协力多人联机游玩”的说明\n按下<?keyicon@31?>能确认内容
9123	关于“敌对多人联机游玩”的说明\n按下<?keyicon@31?>能确认内容
9124	关于“入侵多人联机游玩”的说明\n按下<?keyicon@31?>能确认内容
9125	关于“猎人多人联机游玩”的说明\n按下<?keyicon@31?>能确认内容
9126	关于“记号聚集处”的说明\n按下<?keyicon@31?>能确认内容
9127	关于“碑文图案”的说明\n按下<?keyicon@31?>能确认内容
9128	关于“召唤猎人”的说明\n按下<?keyicon@31?>能确认内容
9129	关于“战技”的说明\n按下<?keyicon@31?>能确认内容
9130	关于“传送至赐福”的说明\n按下<?keyicon@31?>能确认内容
9131	关于“强化武器”的说明\n按下<?keyicon@31?>能确认内容
9132	关于“圆桌厅堂”的说明\n按下<?keyicon@31?>能确认内容
9133	
9134	关于“材料道具”的说明\n按下<?keyicon@31?>能确认内容
9135	关于“容器道具”的说明\n按下<?keyicon@31?>能确认内容
9136	关于“赋予属性”的说明\n按下<?keyicon@31?>能确认内容
9137	关于“随身包包”的说明\n按下<?keyicon@31?>能确认内容
9138	关于“闪避”的说明\n按下<?keyicon@31?>能确认内容
9139	
9140	关于“切换武器”的说明\n按下<?keyicon@31?>能确认内容
9141	关于“大卢恩”的说明\n按下<?keyicon@31?>能确认内容
9142	关于“求学洞窟”的说明\n按下<?keyicon@31?>能确认内容
9143	
9144	
9145	
9146	
9147	
9148	
9149	
9150	关于“决斗”的说明\n按下<?keyicon@31?>能确认内容
9151	关于“组队战、乱战”的说明\n按下<?keyicon@31?>能确认内容
9152	关于“使用骨灰的竞技”的说明\n按下<?keyicon@31?>能确认内容
9153	关于“圆桌厅堂的玛莉卡雕像”的说明\n按下<?keyicon@31?>能确认内容
9195	关于“多人联机游玩”的说明\n按下<?keyicon@31?>能确认内容
9196	
9197	
9198	
9199	
9200	向他人传递白金软泥怪踪迹的书信
9201	向他人传递白金软泥怪踪迹的书信
9202	
9203	
9204	
9205	
9206	
9207	
9208	
9209	
9300	能增加可制作的道具种类
9301	能增加可制作的道具种类
9302	能增加可制作的道具种类
9303	能增加可制作的道具种类
9304	
9305	能增加可制作的道具种类
9306	能增加可制作的道具种类
9307	能增加可制作的道具种类
9308	能增加可制作的道具种类
9309	能增加可制作的道具种类
9310	能增加可制作的道具种类
9311	能增加可制作的道具种类
9312	能增加可制作的道具种类
9313	能增加可制作的道具种类
9314	
9315	
9316	
9317	
9318	
9319	
9320	能增加可制作的道具种类
9321	能增加可制作的道具种类
9322	能增加可制作的道具种类
9323	能增加可制作的道具种类
9324	能增加可制作的道具种类
9325	能增加可制作的道具种类
9326	能增加可制作的道具种类
9327	能增加可制作的道具种类
9328	能增加可制作的道具种类
9329	能增加可制作的道具种类
9330	能增加可制作的道具种类
9331	能增加可制作的道具种类
9332	
9333	
9334	
9335	
9336	
9337	
9338	
9339	
9340	能增加可制作的道具种类
9341	能增加可制作的道具种类
9342	能增加可制作的道具种类
9343	能增加可制作的道具种类
9344	能增加可制作的道具种类
9345	能增加可制作的道具种类
9346	能增加可制作的道具种类
9347	能增加可制作的道具种类
9348	能增加可制作的道具种类
9360	能增加可制作的道具种类
9361	能增加可制作的道具种类
9362	能增加可制作的道具种类
9363	能增加可制作的道具种类
9364	能增加可制作的道具种类
9365	能增加可制作的道具种类
9380	能增加可制作的道具种类
9381	能增加可制作的道具种类
9382	能增加可制作的道具种类
9383	能增加可制作的道具种类
9384	能增加可制作的道具种类
9385	能增加可制作的道具种类
9386	能增加可制作的道具种类
9387	能增加可制作的道具种类
9388	能增加可制作的道具种类
9389	能增加可制作的道具种类
9390	能增加可制作的道具种类
9391	能增加可制作的道具种类
9392	能增加可制作的道具种类
9393	能增加可制作的道具种类
9394	
9395	
9396	
9397	
9398	
9399	
9400	能增加可制作的道具种类
9401	能增加可制作的道具种类
9402	能增加可制作的道具种类
9403	能增加可制作的道具种类
9420	能增加可制作的道具种类
9421	能增加可制作的道具种类
9422	能增加可制作的道具种类
9423	能增加可制作的道具种类
9440	能增加可制作的道具种类
9441	能增加可制作的道具种类
9500	制作龟裂壶类道具所需的容器
9501	制作仪式壶类道具所需的容器
9502	
9503	
9504	
9505	
9506	
9507	
9508	
9509	
9510	制作调香类道具所需的容器
10000	骯脏的玻璃碎片，是垃圾残渣
10001	
10002	
10003	
10004	
10005	
10006	
10007	
10008	
10009	
10010	能够增加圣杯瓶的使用次数
10011	
10012	
10013	
10014	
10015	
10016	
10017	
10018	
10019	
10020	能够提升圣杯瓶的恢复量
10021	
10022	
10023	
10024	
10025	
10026	
10027	
10028	
10029	
10030	能增加记忆空格
10031	
10032	
10033	
10034	
10035	
10036	
10037	
10038	
10039	
10040	能增加护符的装备数量
10060	能在龙飨祭坛，将龙的力量化为己有
10061	
10062	
10063	
10064	
10065	
10066	
10067	
10068	
10069	
10070	能成为所有战灰的复制品
10071	
10072	
10073	
10074	
10075	
10076	
10077	
10078	
10079	
10080	能让“重新诞生”变得完整
10100	能将武器强化至＋３
10101	能将武器强化至＋６
10102	能将武器强化至＋９
10103	能将武器强化至＋１２
10104	能将武器强化至＋１５
10105	能将武器强化至＋１８
10106	能将武器强化至＋２１
10107	能将武器强化至＋２４
10140	能将武器强化至＋２５
10160	能将特殊武器强化至＋１
10161	能将特殊武器强化至＋２
10162	能将特殊武器强化至＋３
10163	能将特殊武器强化至＋４
10164	能将特殊武器强化至＋５
10165	能将特殊武器强化至＋６
10166	能将特殊武器强化至＋７
10167	能将特殊武器强化至＋８
10168	能将特殊武器强化至＋１０
10200	能将特殊武器强化至＋９
10900	能将骨灰强化至＋１
10901	能将骨灰强化至＋２
10902	能将骨灰强化至＋３
10903	能将骨灰强化至＋４
10904	能将骨灰强化至＋５
10905	能将骨灰强化至＋６
10906	能将骨灰强化至＋７
10907	能将骨灰强化至＋８
10908	能将骨灰强化至＋９
10909	能将骨灰强化至＋１０
10910	能将有名字的骨灰强化至＋１
10911	能将有名字的骨灰强化至＋２
10912	能将有名字的骨灰强化至＋３
10913	能将有名字的骨灰强化至＋４
10914	能将有名字的骨灰强化至＋５
10915	能将有名字的骨灰强化至＋６
10916	能将有名字的骨灰强化至＋７
10917	能将有名字的骨灰强化至＋８
10918	能将有名字的骨灰强化至＋９
10919	能将有名字的骨灰强化至＋１０
11000	加入灵药调配后，能暂时提升血量上限
11001	加入灵药调配后，能暂时提升精力上限
11002	加入灵药调配后，能恢复血量上限一半的血量
11003	加入灵药调配后，能恢复血量上限一半的血量
11004	加入灵药调配后，能恢复专注值上限一半的专注值
11005	加入灵药调配后，能恢复专注值上限一半的专注值
11006	加入灵药调配后，能提升抵抗力、治愈异常状态
11007	加入灵药调配后，濒死时能自动恢复血量
11008	加入灵药调配后，大幅减少受到的损伤
11009	加入灵药调配后，一定时间内能缓慢恢复血量
11010	加入灵药调配后，能暂时提升精力的恢复速度
11011	加入灵药调配后，能暂时提升所有的减伤率
11012	加入灵药调配后，能暂时减轻装备重量
11013	加入灵药调配后，攻击越是连续，越能提升攻击力
11014	加入灵药调配后，一定时间内能强化蓄力攻击
11015	加入灵药调配后，一定时间内能强化翻滚的闪避能力
11016	加入灵药调配后，能引发自爆
11017	加入灵药调配后，能引发自爆
11018	加入灵药调配后，能暂时提升强韧度
11019	加入灵药调配后，死亡时不会掉落卢恩
11020	加入灵药调配后，受到的损伤能转为恢复血量
11021	加入灵药调配后，能暂时提升力气
11022	加入灵药调配后，能暂时提升灵巧
11023	加入灵药调配后，能暂时提升智力
11024	加入灵药调配后，能暂时提升信仰
11025	加入灵药调配后，所有专注值的消耗都归零
11026	加入灵药调配后，攻击时变得容易让敌人失去平衡
11027	加入灵药调配后，能净化鲜血君王的倒数诅咒
11028	加入灵药调配后，能暂时提升火属性攻击力
11029	加入灵药调配后，能暂时提升魔力属性攻击力
11030	加入灵药调配后，能暂时提升雷属性攻击力
11031	加入灵药调配后，能暂时提升圣属性攻击力
15000	用于制作道具的其中一项材料
15001	
15002	
15003	
15004	
15005	
15006	
15007	
15008	
15009	
15010	用于制作道具的其中一项材料
15011	
15012	
15013	
15014	
15015	
15016	
15017	
15018	
15019	
15020	用于制作道具的其中一项材料
15021	
15022	
15023	
15024	
15025	
15026	
15027	
15028	
15029	
15030	用于制作道具的其中一项材料
15031	
15032	
15033	
15034	
15035	
15036	
15037	
15038	
15039	
15040	用于制作道具的其中一项材料
15041	
15042	
15043	
15044	
15045	
15046	
15047	
15048	
15049	
15050	用于制作道具的其中一项材料
15051	
15052	
15053	
15054	
15055	
15056	
15057	
15058	
15059	
15060	用于制作道具的其中一项材料
15061	
15062	
15063	
15064	
15065	
15066	
15067	
15068	
15069	
15070	用于制作道具的其中一项材料
15071	
15072	
15073	
15074	
15075	
15076	
15077	
15078	
15079	
15080	用于制作道具的其中一项材料
15081	
15082	
15083	
15084	
15085	
15086	
15087	
15088	
15089	
15090	用于制作道具的其中一项材料
15091	
15092	
15093	
15094	
15095	
15096	
15097	
15098	
15099	
15100	用于制作道具的其中一项材料
15101	
15102	
15103	
15104	
15105	
15106	
15107	
15108	
15109	
15110	用于制作道具的其中一项材料
15111	
15112	
15113	
15114	
15115	
15116	
15117	
15118	
15119	
15120	用于制作道具的其中一项材料
15121	
15122	
15123	
15124	
15125	
15126	
15127	
15128	
15129	
15130	用于制作道具的其中一项材料
15131	
15132	
15133	
15134	
15135	
15136	
15137	
15138	
15139	
15140	用于制作道具的其中一项材料
15141	
15142	
15143	
15144	
15145	
15146	
15147	
15148	
15149	
15150	用于制作道具的其中一项材料
15151	
15152	
15153	
15154	
15155	
15156	
15157	
15158	
15159	
15160	用于制作道具的其中一项材料
15310	用于制作道具的其中一项材料
15340	用于制作道具的其中一项材料
15341	用于制作道具的其中一项材料
15390	用于制作道具的其中一项材料
15391	
15392	
15393	
15394	
15395	
15396	
15397	
15398	
15399	
15400	用于制作道具的其中一项材料
15401	
15402	
15403	
15404	
15405	
15406	
15407	
15408	
15409	
15410	用于制作道具的其中一项材料
15411	
15412	
15413	
15414	
15415	
15416	
15417	
15418	
15419	
15420	用于制作道具的其中一项材料
15421	
15422	
15423	
15424	
15425	
15426	
15427	
15428	
15429	
15430	用于制作道具的其中一项材料
20650	用于制作道具的其中一项材料
20651	用于制作道具的其中一项材料
20652	用于制作道具的其中一项材料
20653	用于制作道具的其中一项材料
20654	用于制作道具的其中一项材料
20655	
20656	
20657	
20658	
20659	
20660	用于制作道具的其中一项材料
20680	用于制作道具的其中一项材料
20681	用于制作道具的其中一项材料
20682	用于制作道具的其中一项材料
20683	用于制作道具的其中一项材料
20684	
20685	用于制作道具的其中一项材料
20686	
20687	
20688	
20689	
20690	用于制作道具的其中一项材料
20691	用于制作道具的其中一项材料
20710	用于制作道具的其中一项材料
20711	
20712	
20713	
20714	
20715	
20716	
20717	
20718	
20719	
20720	用于制作道具的其中一项材料
20721	用于制作道具的其中一项材料
20722	用于制作道具的其中一项材料
20723	用于制作道具的其中一项材料
20740	用于制作道具的其中一项材料
20741	
20742	
20743	
20744	
20745	
20746	
20747	
20748	
20749	
20750	用于制作道具的其中一项材料
20751	用于制作道具的其中一项材料
20752	
20753	用于制作道具的其中一项材料
20754	
20755	
20756	
20757	
20758	
20759	
20760	用于制作道具的其中一项材料
20761	用于制作道具的其中一项材料
20762	
20763	
20764	
20765	
20766	
20767	
20768	
20769	
20770	用于制作道具的其中一项材料
20771	
20772	
20773	
20774	
20775	用于制作道具的其中一项材料
20776	
20777	
20778	
20779	
20780	用于制作道具的其中一项材料
20795	用于制作道具的其中一项材料
20796	
20797	
20798	
20799	
20800	用于制作道具的其中一项材料
20801	用于制作道具的其中一项材料
20802	用于制作道具的其中一项材料
20803	
20804	
20805	
20806	
20807	
20808	
20809	
20810	用于制作道具的其中一项材料
20811	用于制作道具的其中一项材料
20812	用于制作道具的其中一项材料
20813	
20814	
20815	
20816	
20817	
20818	
20819	
20820	用于制作道具的其中一项材料
20821	
20822	
20823	
20824	
20825	用于制作道具的其中一项材料
20826	
20827	
20828	
20829	
20830	用于制作道具的其中一项材料
20831	用于制作道具的其中一项材料
20832	
20833	
20834	
20835	
20836	
20837	
20838	
20839	
20840	用于制作道具的其中一项材料
20841	用于制作道具的其中一项材料
20842	用于制作道具的其中一项材料
20843	
20844	
20845	用于制作道具的其中一项材料
20846	
20847	
20848	
20849	
20850	用于制作道具的其中一项材料
20851	
20852	用于制作道具的其中一项材料
20853	
20854	
20855	用于制作道具的其中一项材料
200000	能召唤“黑刀”狄希的灵魂
200001	能召唤“黑刀”狄希的灵魂
200002	能召唤“黑刀”狄希的灵魂
200003	能召唤“黑刀”狄希的灵魂
200004	能召唤“黑刀”狄希的灵魂
200005	能召唤“黑刀”狄希的灵魂
200006	能召唤“黑刀”狄希的灵魂
200007	能召唤“黑刀”狄希的灵魂
200008	能召唤“黑刀”狄希的灵魂
200009	能召唤“黑刀”狄希的灵魂
200010	能召唤“黑刀”狄希的灵魂
201000	能召唤“失乡骑士”奥雷格的灵魂
201001	能召唤“失乡骑士”奥雷格的灵魂
201002	能召唤“失乡骑士”奥雷格的灵魂
201003	能召唤“失乡骑士”奥雷格的灵魂
201004	能召唤“失乡骑士”奥雷格的灵魂
201005	能召唤“失乡骑士”奥雷格的灵魂
201006	能召唤“失乡骑士”奥雷格的灵魂
201007	能召唤“失乡骑士”奥雷格的灵魂
201008	能召唤“失乡骑士”奥雷格的灵魂
201009	能召唤“失乡骑士”奥雷格的灵魂
201010	能召唤“失乡骑士”奥雷格的灵魂
202000	能召唤“失乡骑士”英格威尔的灵魂
202001	能召唤“失乡骑士”英格威尔的灵魂
202002	能召唤“失乡骑士”英格威尔的灵魂
202003	能召唤“失乡骑士”英格威尔的灵魂
202004	能召唤“失乡骑士”英格威尔的灵魂
202005	能召唤“失乡骑士”英格威尔的灵魂
202006	能召唤“失乡骑士”英格威尔的灵魂
202007	能召唤“失乡骑士”英格威尔的灵魂
202008	能召唤“失乡骑士”英格威尔的灵魂
202009	能召唤“失乡骑士”英格威尔的灵魂
202010	能召唤“失乡骑士”英格威尔的灵魂
203000	能召唤２只尖牙小恶魔的灵魂
203001	能召唤２只尖牙小恶魔的灵魂
203002	能召唤２只尖牙小恶魔的灵魂
203003	能召唤２只尖牙小恶魔的灵魂
203004	能召唤２只尖牙小恶魔的灵魂
203005	能召唤２只尖牙小恶魔的灵魂
203006	能召唤２只尖牙小恶魔的灵魂
203007	能召唤２只尖牙小恶魔的灵魂
203008	能召唤２只尖牙小恶魔的灵魂
203009	能召唤２只尖牙小恶魔的灵魂
203010	能召唤２只尖牙小恶魔的灵魂
204000	能召唤白金之子勒缇娜的灵魂
204001	能召唤白金之子勒缇娜的灵魂
204002	能召唤白金之子勒缇娜的灵魂
204003	能召唤白金之子勒缇娜的灵魂
204004	能召唤白金之子勒缇娜的灵魂
204005	能召唤白金之子勒缇娜的灵魂
204006	能召唤白金之子勒缇娜的灵魂
204007	能召唤白金之子勒缇娜的灵魂
204008	能召唤白金之子勒缇娜的灵魂
204009	能召唤白金之子勒缇娜的灵魂
204010	能召唤白金之子勒缇娜的灵魂
205000	能召唤流浪民族的灵魂
205001	能召唤流浪民族的灵魂
205002	能召唤流浪民族的灵魂
205003	能召唤流浪民族的灵魂
205004	能召唤流浪民族的灵魂
205005	能召唤流浪民族的灵魂
205006	能召唤流浪民族的灵魂
205007	能召唤流浪民族的灵魂
205008	能召唤流浪民族的灵魂
205009	能召唤流浪民族的灵魂
205010	能召唤流浪民族的灵魂
206000	能召唤黑夜女巫与剑士的灵魂
206001	能召唤黑夜女巫与剑士的灵魂
206002	能召唤黑夜女巫与剑士的灵魂
206003	能召唤黑夜女巫与剑士的灵魂
206004	能召唤黑夜女巫与剑士的灵魂
206005	能召唤黑夜女巫与剑士的灵魂
206006	能召唤黑夜女巫与剑士的灵魂
206007	能召唤黑夜女巫与剑士的灵魂
206008	能召唤黑夜女巫与剑士的灵魂
206009	能召唤黑夜女巫与剑士的灵魂
206010	能召唤黑夜女巫与剑士的灵魂
207000	能召唤仿身泪滴的灵魂
207001	能召唤仿身泪滴的灵魂
207002	能召唤仿身泪滴的灵魂
207003	能召唤仿身泪滴的灵魂
207004	能召唤仿身泪滴的灵魂
207005	能召唤仿身泪滴的灵魂
207006	能召唤仿身泪滴的灵魂
207007	能召唤仿身泪滴的灵魂
207008	能召唤仿身泪滴的灵魂
207009	能召唤仿身泪滴的灵魂
207010	能召唤仿身泪滴的灵魂
208000	能召唤结晶人的灵魂
208001	能召唤结晶人的灵魂
208002	能召唤结晶人的灵魂
208003	能召唤结晶人的灵魂
208004	能召唤结晶人的灵魂
208005	能召唤结晶人的灵魂
208006	能召唤结晶人的灵魂
208007	能召唤结晶人的灵魂
208008	能召唤结晶人的灵魂
208009	能召唤结晶人的灵魂
208010	能召唤结晶人的灵魂
209000	能召唤祖灵之民的灵魂
209001	能召唤祖灵之民的灵魂
209002	能召唤祖灵之民的灵魂
209003	能召唤祖灵之民的灵魂
209004	能召唤祖灵之民的灵魂
209005	能召唤祖灵之民的灵魂
209006	能召唤祖灵之民的灵魂
209007	能召唤祖灵之民的灵魂
209008	能召唤祖灵之民的灵魂
209009	能召唤祖灵之民的灵魂
209010	能召唤祖灵之民的灵魂
210000	能召唤带翼混种的灵魂
210001	能召唤带翼混种的灵魂
210002	能召唤带翼混种的灵魂
210003	能召唤带翼混种的灵魂
210004	能召唤带翼混种的灵魂
210005	能召唤带翼混种的灵魂
210006	能召唤带翼混种的灵魂
210007	能召唤带翼混种的灵魂
210008	能召唤带翼混种的灵魂
210009	能召唤带翼混种的灵魂
210010	能召唤带翼混种的灵魂
211000	能召唤２名白金之子的灵魂
211001	能召唤２名白金之子的灵魂
211002	能召唤２名白金之子的灵魂
211003	能召唤２名白金之子的灵魂
211004	能召唤２名白金之子的灵魂
211005	能召唤２名白金之子的灵魂
211006	能召唤２名白金之子的灵魂
211007	能召唤２名白金之子的灵魂
211008	能召唤２名白金之子的灵魂
211009	能召唤２名白金之子的灵魂
211010	能召唤２名白金之子的灵魂
212000	能召唤２名骸骨民兵的灵魂
212001	能召唤２名骸骨民兵的灵魂
212002	能召唤２名骸骨民兵的灵魂
212003	能召唤２名骸骨民兵的灵魂
212004	能召唤２名骸骨民兵的灵魂
212005	能召唤２名骸骨民兵的灵魂
212006	能召唤２名骸骨民兵的灵魂
212007	能召唤２名骸骨民兵的灵魂
212008	能召唤２名骸骨民兵的灵魂
212009	能召唤２名骸骨民兵的灵魂
212010	能召唤２名骸骨民兵的灵魂
213000	能召唤骸骨山贼的灵魂
213001	能召唤骸骨山贼的灵魂
213002	能召唤骸骨山贼的灵魂
213003	能召唤骸骨山贼的灵魂
213004	能召唤骸骨山贼的灵魂
213005	能召唤骸骨山贼的灵魂
213006	能召唤骸骨山贼的灵魂
213007	能召唤骸骨山贼的灵魂
213008	能召唤骸骨山贼的灵魂
213009	能召唤骸骨山贼的灵魂
213010	能召唤骸骨山贼的灵魂
214000	能召唤４位神谕使者的灵魂
214001	能召唤４位神谕使者的灵魂
214002	能召唤４位神谕使者的灵魂
214003	能召唤４位神谕使者的灵魂
214004	能召唤４位神谕使者的灵魂
214005	能召唤４位神谕使者的灵魂
214006	能召唤４位神谕使者的灵魂
214007	能召唤４位神谕使者的灵魂
214008	能召唤４位神谕使者的灵魂
214009	能召唤４位神谕使者的灵魂
214010	能召唤４位神谕使者的灵魂
215000	能召唤４位腐烂长生者的灵魂
215001	能召唤４位腐烂长生者的灵魂
215002	能召唤４位腐烂长生者的灵魂
215003	能召唤４位腐烂长生者的灵魂
215004	能召唤４位腐烂长生者的灵魂
215005	能召唤４位腐烂长生者的灵魂
215006	能召唤４位腐烂长生者的灵魂
215007	能召唤４位腐烂长生者的灵魂
215008	能召唤４位腐烂长生者的灵魂
215009	能召唤４位腐烂长生者的灵魂
215010	能召唤４位腐烂长生者的灵魂
216000	能召唤“堕落调香师”卡尔曼的灵魂
216001	能召唤“堕落调香师”卡尔曼的灵魂
216002	能召唤“堕落调香师”卡尔曼的灵魂
216003	能召唤“堕落调香师”卡尔曼的灵魂
216004	能召唤“堕落调香师”卡尔曼的灵魂
216005	能召唤“堕落调香师”卡尔曼的灵魂
216006	能召唤“堕落调香师”卡尔曼的灵魂
216007	能召唤“堕落调香师”卡尔曼的灵魂
216008	能召唤“堕落调香师”卡尔曼的灵魂
216009	能召唤“堕落调香师”卡尔曼的灵魂
216010	能召唤“堕落调香师”卡尔曼的灵魂
217000	能召唤调香师托莉夏的灵魂
217001	能召唤调香师托莉夏的灵魂
217002	能召唤调香师托莉夏的灵魂
217003	能召唤调香师托莉夏的灵魂
217004	能召唤调香师托莉夏的灵魂
217005	能召唤调香师托莉夏的灵魂
217006	能召唤调香师托莉夏的灵魂
217007	能召唤调香师托莉夏的灵魂
217008	能召唤调香师托莉夏的灵魂
217009	能召唤调香师托莉夏的灵魂
217010	能召唤调香师托莉夏的灵魂
218000	能召唤辉石魔法师的灵魂
218001	能召唤辉石魔法师的灵魂
218002	能召唤辉石魔法师的灵魂
218003	能召唤辉石魔法师的灵魂
218004	能召唤辉石魔法师的灵魂
218005	能召唤辉石魔法师的灵魂
218006	能召唤辉石魔法师的灵魂
218007	能召唤辉石魔法师的灵魂
218008	能召唤辉石魔法师的灵魂
218009	能召唤辉石魔法师的灵魂
218010	能召唤辉石魔法师的灵魂
219000	能召唤双贤魔法师的灵魂
219001	能召唤双贤魔法师的灵魂
219002	能召唤双贤魔法师的灵魂
219003	能召唤双贤魔法师的灵魂
219004	能召唤双贤魔法师的灵魂
219005	能召唤双贤魔法师的灵魂
219006	能召唤双贤魔法师的灵魂
219007	能召唤双贤魔法师的灵魂
219008	能召唤双贤魔法师的灵魂
219009	能召唤双贤魔法师的灵魂
219010	能召唤双贤魔法师的灵魂
220000	能召唤随从的灵魂
220001	能召唤随从的灵魂
220002	能召唤随从的灵魂
220003	能召唤随从的灵魂
220004	能召唤随从的灵魂
220005	能召唤随从的灵魂
220006	能召唤随从的灵魂
220007	能召唤随从的灵魂
220008	能召唤随从的灵魂
220009	能召唤随从的灵魂
220010	能召唤随从的灵魂
221000	能召唤战场魔法师犹格的灵魂
221001	能召唤战场魔法师犹格的灵魂
221002	能召唤战场魔法师犹格的灵魂
221003	能召唤战场魔法师犹格的灵魂
221004	能召唤战场魔法师犹格的灵魂
221005	能召唤战场魔法师犹格的灵魂
221006	能召唤战场魔法师犹格的灵魂
221007	能召唤战场魔法师犹格的灵魂
221008	能召唤战场魔法师犹格的灵魂
221009	能召唤战场魔法师犹格的灵魂
221010	能召唤战场魔法师犹格的灵魂
222000	能召唤２名泥人的灵魂
222001	能召唤２名泥人的灵魂
222002	能召唤２名泥人的灵魂
222003	能召唤２名泥人的灵魂
222004	能召唤２名泥人的灵魂
222005	能召唤２名泥人的灵魂
222006	能召唤２名泥人的灵魂
222007	能召唤２名泥人的灵魂
222008	能召唤２名泥人的灵魂
222009	能召唤２名泥人的灵魂
222010	能召唤２名泥人的灵魂
223000	能召唤“尊腐骑士”芬雷的灵魂
223001	能召唤“尊腐骑士”芬雷的灵魂
223002	能召唤“尊腐骑士”芬雷的灵魂
223003	能召唤“尊腐骑士”芬雷的灵魂
223004	能召唤“尊腐骑士”芬雷的灵魂
223005	能召唤“尊腐骑士”芬雷的灵魂
223006	能召唤“尊腐骑士”芬雷的灵魂
223007	能召唤“尊腐骑士”芬雷的灵魂
223008	能召唤“尊腐骑士”芬雷的灵魂
223009	能召唤“尊腐骑士”芬雷的灵魂
223010	能召唤“尊腐骑士”芬雷的灵魂
224000	能召唤腐败眷属的灵魂
224001	能召唤腐败眷属的灵魂
224002	能召唤腐败眷属的灵魂
224003	能召唤腐败眷属的灵魂
224004	能召唤腐败眷属的灵魂
224005	能召唤腐败眷属的灵魂
224006	能召唤腐败眷属的灵魂
224007	能召唤腐败眷属的灵魂
224008	能召唤腐败眷属的灵魂
224009	能召唤腐败眷属的灵魂
224010	能召唤腐败眷属的灵魂
225000	能召唤２名人偶士兵的灵魂
225001	能召唤２名人偶士兵的灵魂
225002	能召唤２名人偶士兵的灵魂
225003	能召唤２名人偶士兵的灵魂
225004	能召唤２名人偶士兵的灵魂
225005	能召唤２名人偶士兵的灵魂
225006	能召唤２名人偶士兵的灵魂
225007	能召唤２名人偶士兵的灵魂
225008	能召唤２名人偶士兵的灵魂
225009	能召唤２名人偶士兵的灵魂
225010	能召唤２名人偶士兵的灵魂
226000	能召唤２名鸟身人偶士兵的灵魂
226001	能召唤２名鸟身人偶士兵的灵魂
226002	能召唤２名鸟身人偶士兵的灵魂
226003	能召唤２名鸟身人偶士兵的灵魂
226004	能召唤２名鸟身人偶士兵的灵魂
226005	能召唤２名鸟身人偶士兵的灵魂
226006	能召唤２名鸟身人偶士兵的灵魂
226007	能召唤２名鸟身人偶士兵的灵魂
226008	能召唤２名鸟身人偶士兵的灵魂
226009	能召唤２名鸟身人偶士兵的灵魂
226010	能召唤２名鸟身人偶士兵的灵魂
227000	能召唤火焰习武修士的灵魂
227001	能召唤火焰习武修士的灵魂
227002	能召唤火焰习武修士的灵魂
227003	能召唤火焰习武修士的灵魂
227004	能召唤火焰习武修士的灵魂
227005	能召唤火焰习武修士的灵魂
227006	能召唤火焰习武修士的灵魂
227007	能召唤火焰习武修士的灵魂
227008	能召唤火焰习武修士的灵魂
227009	能召唤火焰习武修士的灵魂
227010	能召唤火焰习武修士的灵魂
228000	能召唤黑焰习武修士亚蒙的灵魂
228001	能召唤黑焰习武修士亚蒙的灵魂
228002	能召唤黑焰习武修士亚蒙的灵魂
228003	能召唤黑焰习武修士亚蒙的灵魂
228004	能召唤黑焰习武修士亚蒙的灵魂
228005	能召唤黑焰习武修士亚蒙的灵魂
228006	能召唤黑焰习武修士亚蒙的灵魂
228007	能召唤黑焰习武修士亚蒙的灵魂
228008	能召唤黑焰习武修士亚蒙的灵魂
228009	能召唤黑焰习武修士亚蒙的灵魂
228010	能召唤黑焰习武修士亚蒙的灵魂
229000	能召唤蛇人的灵魂
229001	能召唤蛇人的灵魂
229002	能召唤蛇人的灵魂
229003	能召唤蛇人的灵魂
229004	能召唤蛇人的灵魂
229005	能召唤蛇人的灵魂
229006	能召唤蛇人的灵魂
229007	能召唤蛇人的灵魂
229008	能召唤蛇人的灵魂
229009	能召唤蛇人的灵魂
229010	能召唤蛇人的灵魂
230000	能召唤２位亚兹拉的兽人的灵魂
230001	能召唤２位亚兹拉的兽人的灵魂
230002	能召唤２位亚兹拉的兽人的灵魂
230003	能召唤２位亚兹拉的兽人的灵魂
230004	能召唤２位亚兹拉的兽人的灵魂
230005	能召唤２位亚兹拉的兽人的灵魂
230006	能召唤２位亚兹拉的兽人的灵魂
230007	能召唤２位亚兹拉的兽人的灵魂
230008	能召唤２位亚兹拉的兽人的灵魂
230009	能召唤２位亚兹拉的兽人的灵魂
230010	能召唤２位亚兹拉的兽人的灵魂
231000	能召唤凯丹佣兵的灵魂
231001	能召唤凯丹佣兵的灵魂
231002	能召唤凯丹佣兵的灵魂
231003	能召唤凯丹佣兵的灵魂
231004	能召唤凯丹佣兵的灵魂
231005	能召唤凯丹佣兵的灵魂
231006	能召唤凯丹佣兵的灵魂
231007	能召唤凯丹佣兵的灵魂
231008	能召唤凯丹佣兵的灵魂
231009	能召唤凯丹佣兵的灵魂
231010	能召唤凯丹佣兵的灵魂
232000	能召唤３只离群野狼的灵魂
232001	能召唤３只离群野狼的灵魂
232002	能召唤３只离群野狼的灵魂
232003	能召唤３只离群野狼的灵魂
232004	能召唤３只离群野狼的灵魂
232005	能召唤３只离群野狼的灵魂
232006	能召唤３只离群野狼的灵魂
232007	能召唤３只离群野狼的灵魂
232008	能召唤３只离群野狼的灵魂
232009	能召唤３只离群野狼的灵魂
232010	能召唤３只离群野狼的灵魂
233000	能召唤３只大老鼠的灵魂
233001	能召唤３只大老鼠的灵魂
233002	能召唤３只大老鼠的灵魂
233003	能召唤３只大老鼠的灵魂
233004	能召唤３只大老鼠的灵魂
233005	能召唤４只大老鼠的灵魂
233006	能召唤４只大老鼠的灵魂
233007	能召唤４只大老鼠的灵魂
233008	能召唤４只大老鼠的灵魂
233009	能召唤４只大老鼠的灵魂
233010	能召唤５只大老鼠的灵魂
234000	能召唤５位亚人的灵魂
234001	能召唤５位亚人的灵魂
234002	能召唤５位亚人的灵魂
234003	能召唤５位亚人的灵魂
234004	能召唤５位亚人的灵魂
234005	能召唤５位亚人的灵魂
234006	能召唤５位亚人的灵魂
234007	能召唤５位亚人的灵魂
234008	能召唤５位亚人的灵魂
234009	能召唤５位亚人的灵魂
234010	能召唤５位亚人的灵魂
235000	能召唤腐败野狗的灵魂
235001	能召唤腐败野狗的灵魂
235002	能召唤腐败野狗的灵魂
235003	能召唤腐败野狗的灵魂
235004	能召唤腐败野狗的灵魂
235005	能召唤腐败野狗的灵魂
235006	能召唤腐败野狗的灵魂
235007	能召唤腐败野狗的灵魂
235008	能召唤腐败野狗的灵魂
235009	能召唤腐败野狗的灵魂
235010	能召唤腐败野狗的灵魂
236000	能召唤灵魂水母的灵魂
236001	能召唤灵魂水母的灵魂
236002	能召唤灵魂水母的灵魂
236003	能召唤灵魂水母的灵魂
236004	能召唤灵魂水母的灵魂
236005	能召唤灵魂水母的灵魂
236006	能召唤灵魂水母的灵魂
236007	能召唤灵魂水母的灵魂
236008	能召唤灵魂水母的灵魂
236009	能召唤灵魂水母的灵魂
236010	能召唤灵魂水母的灵魂
237000	能召唤战鹰的灵魂
237001	能召唤战鹰的灵魂
237002	能召唤战鹰的灵魂
237003	能召唤战鹰的灵魂
237004	能召唤战鹰的灵魂
237005	能召唤战鹰的灵魂
237006	能召唤战鹰的灵魂
237007	能召唤战鹰的灵魂
237008	能召唤战鹰的灵魂
237009	能召唤战鹰的灵魂
237010	能召唤战鹰的灵魂
238000	能召唤风暴鹰汀涅的灵魂
238001	能召唤风暴鹰汀涅的灵魂
238002	能召唤风暴鹰汀涅的灵魂
238003	能召唤风暴鹰汀涅的灵魂
238004	能召唤风暴鹰汀涅的灵魂
238005	能召唤风暴鹰汀涅的灵魂
238006	能召唤风暴鹰汀涅的灵魂
238007	能召唤风暴鹰汀涅的灵魂
238008	能召唤风暴鹰汀涅的灵魂
238009	能召唤风暴鹰汀涅的灵魂
238010	能召唤风暴鹰汀涅的灵魂
239000	能召唤“猎犬骑士”弗罗的灵魂
239001	能召唤“猎犬骑士”弗罗的灵魂
239002	能召唤“猎犬骑士”弗罗的灵魂
239003	能召唤“猎犬骑士”弗罗的灵魂
239004	能召唤“猎犬骑士”弗罗的灵魂
239005	能召唤“猎犬骑士”弗罗的灵魂
239006	能召唤“猎犬骑士”弗罗的灵魂
239007	能召唤“猎犬骑士”弗罗的灵魂
239008	能召唤“猎犬骑士”弗罗的灵魂
239009	能召唤“猎犬骑士”弗罗的灵魂
239010	能召唤“猎犬骑士”弗罗的灵魂
240000	能召唤５位徘徊权贵的灵魂
240001	能召唤５位徘徊权贵的灵魂
240002	能召唤５位徘徊权贵的灵魂
240003	能召唤５位徘徊权贵的灵魂
240004	能召唤５位徘徊权贵的灵魂
240005	能召唤５位徘徊权贵的灵魂
240006	能召唤５位徘徊权贵的灵魂
240007	能召唤５位徘徊权贵的灵魂
240008	能召唤５位徘徊权贵的灵魂
240009	能召唤５位徘徊权贵的灵魂
240010	能召唤５位徘徊权贵的灵魂
241000	能召唤权贵魔法师的灵魂
241001	能召唤权贵魔法师的灵魂
241002	能召唤权贵魔法师的灵魂
241003	能召唤权贵魔法师的灵魂
241004	能召唤权贵魔法师的灵魂
241005	能召唤权贵魔法师的灵魂
241006	能召唤权贵魔法师的灵魂
241007	能召唤权贵魔法师的灵魂
241008	能召唤权贵魔法师的灵魂
241009	能召唤权贵魔法师的灵魂
241010	能召唤权贵魔法师的灵魂
242000	能召唤３名恶兵的灵魂
242001	能召唤３名恶兵的灵魂
242002	能召唤３名恶兵的灵魂
242003	能召唤３名恶兵的灵魂
242004	能召唤３名恶兵的灵魂
242005	能召唤３名恶兵的灵魂
242006	能召唤３名恶兵的灵魂
242007	能召唤３名恶兵的灵魂
242008	能召唤３名恶兵的灵魂
242009	能召唤３名恶兵的灵魂
242010	能召唤３名恶兵的灵魂
243000	能召唤发狂南瓜头士兵的灵魂
243001	能召唤发狂南瓜头士兵的灵魂
243002	能召唤发狂南瓜头士兵的灵魂
243003	能召唤发狂南瓜头士兵的灵魂
243004	能召唤发狂南瓜头士兵的灵魂
243005	能召唤发狂南瓜头士兵的灵魂
243006	能召唤发狂南瓜头士兵的灵魂
243007	能召唤发狂南瓜头士兵的灵魂
243008	能召唤发狂南瓜头士兵的灵魂
243009	能召唤发狂南瓜头士兵的灵魂
243010	能召唤发狂南瓜头士兵的灵魂
244000	能召唤３只陆生海鞘的灵魂
244001	能召唤３只陆生海鞘的灵魂
244002	能召唤３只陆生海鞘的灵魂
244003	能召唤３只陆生海鞘的灵魂
244004	能召唤３只陆生海鞘的灵魂
244005	能召唤３只陆生海鞘的灵魂
244006	能召唤３只陆生海鞘的灵魂
244007	能召唤３只陆生海鞘的灵魂
244008	能召唤３只陆生海鞘的灵魂
244009	能召唤３只陆生海鞘的灵魂
244010	能召唤３只陆生海鞘的灵魂
245000	能召唤５只小米兰达的灵魂
245001	能召唤５只小米兰达的灵魂
245002	能召唤５只小米兰达的灵魂
245003	能召唤５只小米兰达的灵魂
245004	能召唤５只小米兰达的灵魂
245005	能召唤５只小米兰达的灵魂
245006	能召唤５只小米兰达的灵魂
245007	能召唤５只小米兰达的灵魂
245008	能召唤５只小米兰达的灵魂
245009	能召唤５只小米兰达的灵魂
245010	能召唤５只小米兰达的灵魂
246000	能召唤３名小型活壶的灵魂
246001	能召唤３名小型活壶的灵魂
246002	能召唤３名小型活壶的灵魂
246003	能召唤３名小型活壶的灵魂
246004	能召唤３名小型活壶的灵魂
246005	能召唤３名小型活壶的灵魂
246006	能召唤３名小型活壶的灵魂
246007	能召唤３名小型活壶的灵魂
246008	能召唤３名小型活壶的灵魂
246009	能召唤３名小型活壶的灵魂
246010	能召唤３名小型活壶的灵魂
247000	能召唤恶兆猎人罗洛的灵魂
247001	能召唤恶兆猎人罗洛的灵魂
247002	能召唤恶兆猎人罗洛的灵魂
247003	能召唤恶兆猎人罗洛的灵魂
247004	能召唤恶兆猎人罗洛的灵魂
247005	能召唤恶兆猎人罗洛的灵魂
247006	能召唤恶兆猎人罗洛的灵魂
247007	能召唤恶兆猎人罗洛的灵魂
247008	能召唤恶兆猎人罗洛的灵魂
247009	能召唤恶兆猎人罗洛的灵魂
247010	能召唤恶兆猎人罗洛的灵魂
248000	能召唤５名大盾士兵的灵魂
248001	能召唤５名大盾士兵的灵魂
248002	能召唤５名大盾士兵的灵魂
248003	能召唤５名大盾士兵的灵魂
248004	能召唤５名大盾士兵的灵魂
248005	能召唤５名大盾士兵的灵魂
248006	能召唤５名大盾士兵的灵魂
248007	能召唤５名大盾士兵的灵魂
248008	能召唤５名大盾士兵的灵魂
248009	能召唤５名大盾士兵的灵魂
248010	能召唤５名大盾士兵的灵魂
249000	能召唤３名操弓士兵的灵魂
249001	能召唤３名操弓士兵的灵魂
249002	能召唤３名操弓士兵的灵魂
249003	能召唤３名操弓士兵的灵魂
249004	能召唤３名操弓士兵的灵魂
249005	能召唤３名操弓士兵的灵魂
249006	能召唤３名操弓士兵的灵魂
249007	能召唤３名操弓士兵的灵魂
249008	能召唤３名操弓士兵的灵魂
249009	能召唤３名操弓士兵的灵魂
249010	能召唤３名操弓士兵的灵魂
250000	能召唤２名葛瑞克士兵的灵魂
250001	能召唤２名葛瑞克士兵的灵魂
250002	能召唤２名葛瑞克士兵的灵魂
250003	能召唤２名葛瑞克士兵的灵魂
250004	能召唤２名葛瑞克士兵的灵魂
250005	能召唤２名葛瑞克士兵的灵魂
250006	能召唤２名葛瑞克士兵的灵魂
250007	能召唤２名葛瑞克士兵的灵魂
250008	能召唤２名葛瑞克士兵的灵魂
250009	能召唤２名葛瑞克士兵的灵魂
250010	能召唤２名葛瑞克士兵的灵魂
251000	能召唤３名雷亚卢卡利亚士兵的灵魂
251001	能召唤３名雷亚卢卡利亚士兵的灵魂
251002	能召唤３名雷亚卢卡利亚士兵的灵魂
251003	能召唤３名雷亚卢卡利亚士兵的灵魂
251004	能召唤３名雷亚卢卡利亚士兵的灵魂
251005	能召唤３名雷亚卢卡利亚士兵的灵魂
251006	能召唤３名雷亚卢卡利亚士兵的灵魂
251007	能召唤３名雷亚卢卡利亚士兵的灵魂
251008	能召唤３名雷亚卢卡利亚士兵的灵魂
251009	能召唤３名雷亚卢卡利亚士兵的灵魂
251010	能召唤３名雷亚卢卡利亚士兵的灵魂
252000	能召唤２名罗德尔士兵的灵魂
252001	能召唤２名罗德尔士兵的灵魂
252002	能召唤２名罗德尔士兵的灵魂
252003	能召唤２名罗德尔士兵的灵魂
252004	能召唤２名罗德尔士兵的灵魂
252005	能召唤２名罗德尔士兵的灵魂
252006	能召唤２名罗德尔士兵的灵魂
252007	能召唤２名罗德尔士兵的灵魂
252008	能召唤２名罗德尔士兵的灵魂
252009	能召唤２名罗德尔士兵的灵魂
252010	能召唤２名罗德尔士兵的灵魂
253000	能召唤２名拉塔恩士兵的灵魂
253001	能召唤２名拉塔恩士兵的灵魂
253002	能召唤２名拉塔恩士兵的灵魂
253003	能召唤２名拉塔恩士兵的灵魂
253004	能召唤２名拉塔恩士兵的灵魂
253005	能召唤２名拉塔恩士兵的灵魂
253006	能召唤２名拉塔恩士兵的灵魂
253007	能召唤２名拉塔恩士兵的灵魂
253008	能召唤２名拉塔恩士兵的灵魂
253009	能召唤２名拉塔恩士兵的灵魂
253010	能召唤２名拉塔恩士兵的灵魂
254000	能召唤５名灵庙士兵的灵魂
254001	能召唤５名灵庙士兵的灵魂
254002	能召唤５名灵庙士兵的灵魂
254003	能召唤５名灵庙士兵的灵魂
254004	能召唤５名灵庙士兵的灵魂
254005	能召唤５名灵庙士兵的灵魂
254006	能召唤５名灵庙士兵的灵魂
254007	能召唤５名灵庙士兵的灵魂
254008	能召唤５名灵庙士兵的灵魂
254009	能召唤５名灵庙士兵的灵魂
254010	能召唤５名灵庙士兵的灵魂
255000	能召唤４名圣树士兵的灵魂
255001	能召唤４名圣树士兵的灵魂
255002	能召唤４名圣树士兵的灵魂
255003	能召唤４名圣树士兵的灵魂
255004	能召唤４名圣树士兵的灵魂
255005	能召唤４名圣树士兵的灵魂
255006	能召唤４名圣树士兵的灵魂
255007	能召唤４名圣树士兵的灵魂
255008	能召唤４名圣树士兵的灵魂
255009	能召唤４名圣树士兵的灵魂
255010	能召唤４名圣树士兵的灵魂
256000	能召唤“古龙骑士”克里斯托福的灵魂
256001	能召唤“古龙骑士”克里斯托福的灵魂
256002	能召唤“古龙骑士”克里斯托福的灵魂
256003	能召唤“古龙骑士”克里斯托福的灵魂
256004	能召唤“古龙骑士”克里斯托福的灵魂
256005	能召唤“古龙骑士”克里斯托福的灵魂
256006	能召唤“古龙骑士”克里斯托福的灵魂
256007	能召唤“古龙骑士”克里斯托福的灵魂
256008	能召唤“古龙骑士”克里斯托福的灵魂
256009	能召唤“古龙骑士”克里斯托福的灵魂
256010	能召唤“古龙骑士”克里斯托福的灵魂
257000	能召唤“红狮子骑士”奥加的灵魂
257001	能召唤“红狮子骑士”奥加的灵魂
257002	能召唤“红狮子骑士”奥加的灵魂
257003	能召唤“红狮子骑士”奥加的灵魂
257004	能召唤“红狮子骑士”奥加的灵魂
257005	能召唤“红狮子骑士”奥加的灵魂
257006	能召唤“红狮子骑士”奥加的灵魂
257007	能召唤“红狮子骑士”奥加的灵魂
257008	能召唤“红狮子骑士”奥加的灵魂
257009	能召唤“红狮子骑士”奥加的灵魂
257010	能召唤“红狮子骑士”奥加的灵魂
258000	能召唤“无头骑士”露缇尔的灵魂
258001	能召唤“无头骑士”露缇尔的灵魂
258002	能召唤“无头骑士”露缇尔的灵魂
258003	能召唤“无头骑士”露缇尔的灵魂
258004	能召唤“无头骑士”露缇尔的灵魂
258005	能召唤“无头骑士”露缇尔的灵魂
258006	能召唤“无头骑士”露缇尔的灵魂
258007	能召唤“无头骑士”露缇尔的灵魂
258008	能召唤“无头骑士”露缇尔的灵魂
258009	能召唤“无头骑士”露缇尔的灵魂
258010	能召唤“无头骑士”露缇尔的灵魂
259000	能召唤涅斐丽·露的灵魂
259001	能召唤涅斐丽·露的灵魂
259002	能召唤涅斐丽·露的灵魂
259003	能召唤涅斐丽·露的灵魂
259004	能召唤涅斐丽·露的灵魂
259005	能召唤涅斐丽·露的灵魂
259006	能召唤涅斐丽·露的灵魂
259007	能召唤涅斐丽·露的灵魂
259008	能召唤涅斐丽·露的灵魂
259009	能召唤涅斐丽·露的灵魂
259010	能召唤涅斐丽·露的灵魂
260000	能召唤食粪者的灵魂
260001	能召唤食粪者的灵魂
260002	能召唤食粪者的灵魂
260003	能召唤食粪者的灵魂
260004	能召唤食粪者的灵魂
260005	能召唤食粪者的灵魂
260006	能召唤食粪者的灵魂
260007	能召唤食粪者的灵魂
260008	能召唤食粪者的灵魂
260009	能召唤食粪者的灵魂
260010	能召唤食粪者的灵魂
261000	能召唤指头女巫瑟萝莉娜的灵魂
261001	能召唤指头女巫瑟萝莉娜的灵魂
261002	能召唤指头女巫瑟萝莉娜的灵魂
261003	能召唤指头女巫瑟萝莉娜的灵魂
261004	能召唤指头女巫瑟萝莉娜的灵魂
261005	能召唤指头女巫瑟萝莉娜的灵魂
261006	能召唤指头女巫瑟萝莉娜的灵魂
261007	能召唤指头女巫瑟萝莉娜的灵魂
261008	能召唤指头女巫瑟萝莉娜的灵魂
261009	能召唤指头女巫瑟萝莉娜的灵魂
261010	能召唤指头女巫瑟萝莉娜的灵魂
262000	能召唤“深眠之箭”朵罗雷丝的灵魂
262001	能召唤“深眠之箭”朵罗雷丝的灵魂
262002	能召唤“深眠之箭”朵罗雷丝的灵魂
262003	能召唤“深眠之箭”朵罗雷丝的灵魂
262004	能召唤“深眠之箭”朵罗雷丝的灵魂
262005	能召唤“深眠之箭”朵罗雷丝的灵魂
262006	能召唤“深眠之箭”朵罗雷丝的灵魂
262007	能召唤“深眠之箭”朵罗雷丝的灵魂
262008	能召唤“深眠之箭”朵罗雷丝的灵魂
262009	能召唤“深眠之箭”朵罗雷丝的灵魂
262010	能召唤“深眠之箭”朵罗雷丝的灵魂
263000	能召唤壶男的灵魂
263001	能召唤壶男的灵魂
263002	能召唤壶男的灵魂
263003	能召唤壶男的灵魂
263004	能召唤壶男的灵魂
263005	能召唤壶男的灵魂
263006	能召唤壶男的灵魂
263007	能召唤壶男的灵魂
263008	能召唤壶男的灵魂
263009	能召唤壶男的灵魂
263010	能召唤壶男的灵魂
9999001	
9999002	
9999003	
9999004	
9999005	
9999006	
9999007	
9999008	
9999009	
9999010	
9999011	
9999012	
9999013	
9999014	
9999015	
9999016	
9999017	
9999018	
9999019	
9999020	
9999021	
9999022	
9999023	
9999024	
9999025	
9999026	
9999027	
9999028	
9999029	
9999030	
9999031	
9999032	
9999033	
9999034	
9999035	
9999036	
9999037	
9999038	
9999039	
9999040	
9999041	
9999042	
9999043	
9999044	
9999045	
9999046	
9999047	
9999048	
9999049	
9999050	
9999051	
9999052	
9999053	
9999054	
9999055	
9999056	
9999057	
9999058	
9999059	
9999060	
9999061	
9999062	
9999063	
9999064	
9999065	
9999066	
9999067	
9999068	
9999069	
9999070	
9999071	
9999072	
9999073	
9999074	
9999075	
9999076	
9999077	
9999078	
9999079	
9999080	
9999081	
9999082	
9999083	
9999084	
9999085	
9999086	
9999087	
9999088	
9999089	
9999090	
9999091	
9999092	
9999093	
9999094	
9999095	
9999096	
9999097	
9999098	
9999099	
