1	确定
2	取消
3	是
4	否
15	重试
16	继续
17	返回标题画面
40200	所需卢恩不足。
40201	所需道具不足。
40202	所需卢恩、道具不足。
40300	配置将恢复为默认，\n您确定吗？
40500	所有配置将恢复为默认，\n您确定吗？
102000	将放置<?itemName?>，\n您确定吗？
102001	将丢弃<?itemName?>，\n您确定吗？
102002	将放置所有选择的道具，\n您确定吗？
102003	将丢弃所有选择的道具，\n您确定吗？
102004	放置的道具已超过８个。\n从最先放置的道具开始，道具将依序消失。\n\n您确定吗？
102005	<?itemName?>已使用战灰。\n放置此道具，在它消失后也会失去战灰。\n\n您确定吗？
102006	<?itemName?>已使用战灰。\n丢弃此道具也会失去战灰。\n\n您确定吗？
102007	所选择的道具中包含已使用战灰的道具。\n放置道具，在它消失后也会失去战灰。\n\n您确定吗？
102008	所选择的道具中包含已使用战灰的道具。\n丢弃道具也会失去战灰。\n\n您确定吗？
102009	
102010	将超过可持有卢恩的上限，\n使用后超过上限的卢恩将会消失。\n\n确定要使用吗？
102011	
102012	
102013	
102014	
102015	
102016	
102017	
102018	
102019	
102020	已超过持有上限，无法移除战灰。
102021	已超过持有上限，无法移除使用中的战灰。
103000	必需能力值不足，\n无法发挥原有性能。
103001	必需能力值不足。\n以双手共持，才能发挥原有性能。
103002	
103003	
103004	
103005	必需等级不足，无法召唤此灵魂。
103110	此护符与其他装备中的护符冲突，\n因此无法装备。
103130	目前不能更换装备。
103131	
103132	
103133	
103134	
103135	
103136	
103137	
103138	
103139	
103140	因为记忆空格减少，\n超过可记忆上限的魔法、祷告将被移除。\n\n您确定吗？
103141	超过可记忆上限的魔法、祷告，已被移除。
104000	多人联机游玩的暗号记录
104001	请选择想要使用的暗号。
104002	群组暗号记录
104003	请选择想要使用的暗号。
104004	没有多人联机游玩的暗号记录。
104005	没有群组暗号的记录。
104006	
104007	
104008	
104009	
104010	使用指药之后，会遣返召唤中的灵魂。\n\n您确定吗？
104011	
104012	
104013	
104014	
104015	
104016	
104017	
104018	
104019	
104020	使用指药之后，会抹除召唤记号。\n\n您确定吗？
110000	将保存游戏进度，返回标题画面。\n\n您确定吗？
110001	
110002	
110003	
110004	
110005	
110006	
110007	
110008	
110009	
110010	将保存游戏进度，返回桌面。\n\n您确定吗？
110100	当开启光线追踪，\n画面品质配置将固定为“画质优先”。
110316	如果想要改变显示语言，\n请返回标题画面进行配置。
111100	配置已变更，\n将在<?remainingSec?>秒后恢复原本的配置。\n\n要套用目前的配置吗？
111101	要套用目前的配置吗？
111102	部分配置必须在返回标题画面后才会套用。
111103	此项目将在重新启动游戏后套用。
111104	配置已变更，\n将在<?remainingSec?>秒后恢复原本的配置。\n\n要套用目前的配置吗？
111105	部分配置必须在返回标题画面后才会套用。
111106	高动态范围成像（ＨＤＲ）已变更为关闭。
111107	高动态范围成像（ＨＤＲ）已变更为开启。
111108	
111109	
111110	有部分变更的配置尚未套用。\n请返回标题画面，以套用配置。
211001	将传送至<?placeName?>。\n您确定吗？
211002	无法传送至此区域的赐福。
211003	多人联机游玩时，无法使用赐福传送。
211004	无法使用赐福传送。
211005	中了设下的陷阱。\n在赐福休息过后，才能使用赐福传送。
211006	现在无法使用赐福传送。
211007	参加竞技时，无法使用赐福传送。
211008	
211009	
211010	现在无法使用赐福传送。
211100	将移除所有放置的标记。\n您确定吗？
211101	已超过可放置的标记数上限，\n无法再放置标记。
211200	无法执行“显示目前所在地”。
211300	已超过可标记的上限，无法再标记赐福。
211400	将移除这个赐福的标记。\n您确定吗？
212000	要花费<?demandSoul?>卢恩升级吗？
212001	将中止升级。\n您确定吗？
212002	请选择１个以上要成长的能力值。
212003	
212004	
212005	
212006	
212007	
212008	
212009	
212010	已达等级上限，无法再升级。
212750	要重新诞生吗？
212751	停止重新诞生。
212752	请将能力值成长至原有等级。
212753	
212754	
212755	
212756	
212757	
212758	
212759	
212760	因为记忆空格减少，\n超过可记忆上限的魔法、祷告将被移除。\n\n确定要重新诞生吗？
212761	超过可记忆上限的魔法、祷告，已被移除。
214000	要将战灰\n从<?itemNameBeforeForge?>上移除，\n改用在<?itemNameAfterForge?>上吗？
215000	变更寄宿身上的大卢恩，\n会解除大卢恩目前产生的效用。\n\n您确定吗？
216000	要将<?itemNameBeforeForge?>\n强化成<?itemNameAfterForge?>吗？
216001	
216002	
216003	
216004	
216005	
216006	
216007	
216008	
216009	
216010	已经持有强化后的物品：\n<?itemNameAfterForge?>\n\n无法进行强化。
221000	要将<?itemNameBeforeForge?>\n强化成<?itemNameAfterForge?>吗？
221011	在锻造台能执行的强化已达上限。\n这把武器无法再继续强化。
225000	把<?demandSoul?>颗龙心脏当作供品，\n将<?itemName?>化为己有。
225020	已超过持有与收纳上限，\n无法将力量化为己有。
225100	已经将此力量化为己有。
226000	交出<?demandSoul?>片星光碎片，\n取得<?itemName?>。
226020	已超过持有与收纳上限，无法取得。
226100	已经拥有此傀儡。
227000	开始复制<?itemName?>。
227020	已超过持有与收纳上限，无法复制。
227100	无法再复制此战灰。
230000	取得<?itemName?>。
230001	
230002	
230003	
230004	
230005	
230006	
230007	
230008	
230009	
230010	超过持有上限的道具已被收纳至木箱。
230011	
230012	
230013	
230014	
230015	
230016	
230017	
230018	
230019	
230020	已超过持有与收纳上限，无法取得。
230100	开始复制<?itemName?>。
230101	
230102	
230103	
230104	
230105	
230106	
230107	
230108	
230109	
230110	超过持有上限的道具已被收纳至木箱。
230111	
230112	
230113	
230114	
230115	
230116	
230117	
230118	
230119	
230120	已超过持有与收纳上限，无法复制。
230150	无法再复制此追忆。
231000	将以<?demandSoul?>卢恩\n购买<?itemName?>。
231001	
231002	
231003	
231004	
231005	
231006	
231007	
231008	
231009	
231010	超过持有上限的道具已被收纳至木箱。
231011	
231012	
231013	
231014	
231015	
231016	
231017	
231018	
231019	
231020	已超过持有与收纳上限，无法购买。
231100	已超过限定数量上限，无法购买。
231500	将以<?demandSoul?>卢恩\n获得<?itemName?>。
231501	
231502	
231503	
231504	
231505	
231506	
231507	
231508	
231509	
231510	超过持有上限的道具已被收纳至木箱。
231511	
231512	
231513	
231514	
231515	
231516	
231517	
231518	
231519	
231520	已超过持有与收纳上限，无法取得。
231550	无法获得复数个英雄的防具。
232000	将以<?sellSouls?>卢恩\n卖出<?itemName?>。
232001	
232002	装备中的道具无法卖出。
232003	无法卖出此道具。
232004	<?itemName?> 已使用战灰。\n卖出后也会失去战灰。\n\n您确定吗？
235000	要开始分配吗？
235001	将中止分配。\n您确定吗？
236001	开始制作<?itemName?>。
236002	
236003	
236004	
236005	
236006	
236007	
236008	
236009	
236010	超过持有上限，\n制作的道具已收纳至木箱。
236011	超过持有与收纳上限，\n无法制作道具。
236012	
236013	
236014	
236015	
236016	
236017	
236018	
236019	
236020	制作的数量超过持有的龟裂壶数量，\n无法制作道具。
236021	制作的数量超过持有的调香瓶数量，\n无法制作道具。
236022	
236023	
236024	
236025	
236026	
236027	
236028	
236029	
236030	制作的数量超过持有的仪式壶数量，\n无法制作道具。
236050	您未持有龟裂壶，\n无法制作道具。
236051	
236052	
236053	
236054	
236055	您未持有仪式壶，\n无法制作道具。
236056	
236057	
236058	
236059	
236060	您未持有调香瓶，\n无法制作道具。
236201	将消耗<?demandSoul?>卢恩与追忆，\n获得<?itemName?>。
236202	将用追忆交换<?itemName?>。
236203	
236204	
236205	
236206	
236207	
236208	
236209	
236210	超过持有上限的道具已被收纳至木箱。
236211	超过持有与收纳上限，\n无法获得力量。
236212	
236213	
236214	
236215	
236216	
236217	
236218	
236219	
236220	超过数量上限，无法再从追忆获得力量。
236401	将修改成<?itemName?>。
236402	将花费<?demandSoul?>卢恩，\n修改成<?itemName?>。
236403	
236404	
236405	
236406	
236407	
236408	
236409	
236410	已超过持有上限，\n修改后的道具已被收纳至木箱。
236411	已超过持有与收纳上限，\n无法修改。
236412	
236413	
236414	
236415	
236416	
236417	
236418	
236419	
236420	已超过上限，无法修改。
237000	红露滴圣杯瓶
237001	蓝露滴圣杯瓶
241000	获得地图碎片：\n宁姆格福（西）
241001	获得地图碎片：\n啜泣半岛
241002	获得地图碎片：\n宁姆格福（东）
241003	获得地图碎片：\n利耶尼亚（东）
241004	获得地图碎片：\n利耶尼亚（北）
241005	获得地图碎片：\n利耶尼亚（西）
241006	获得地图碎片：\n亚坛高原
241007	获得地图碎片：\n王城罗德尔
241008	获得地图碎片：\n格密尔火山
241009	获得地图碎片：\n盖利德
241010	获得地图碎片：\n龙墓
241011	获得地图碎片：\n巨人山顶（西）
241012	获得地图碎片：\n巨人山顶（东）
241013	获得地图碎片：\n化圣雪原
241014	
241100	获得地图碎片：\n安瑟尔河
241101	获得地图碎片：\n腐败湖
241102	获得地图碎片：\n蒙格温王朝
241103	获得地图碎片：\n希芙拉河
241104	获得地图碎片：\n深根底层
241105	
251020	装备中的道具无法收纳。
251021	无法收纳此道具。
251022	
251023	
251024	
251025	
251026	
251027	
251028	
251029	
251030	已超过收纳上限，无法收纳。
251031	已超过持有上限，无法取出。
261000	您没有记忆空格。
261001	可用空格不足。
261002	您没有记忆空格。
261003	无法重复记忆相同的魔法、祷告。
261004	必需能力值不足，无法使用此魔法、祷告。
280001	所有配置将恢复默认。\n您确定吗？
281000	无法选择相同材料。
290001	要放弃创建中的角色，\n返回选择角色雏形的画面吗？
290002	将以此角色开始游戏，\n您确定吗？
290003	您尚未输入名字，\n请输入名字以完成角色创建。
290004	角色数据保存失败。
290005	
290006	
290007	
290008	
290009	
290010	
290011	将放弃所编辑的内容，\n您确定吗？
290012	
290013	
290014	
290015	
290016	
290017	
290018	
290019	
290020	输入的名字包含不恰当的文字，\n无法作为角色名字使用。\n\n请输入其他名字。
290021	
290022	
290023	
290024	
290025	
290026	
290027	
290028	
290029	
290030	变更性别后，\n会失去部分已编辑的内容。\n\n您确定吗？
290031	
290032	
290033	
290034	
290035	
290036	
290037	
290038	
290039	
290040	改变外貌后，\n会失去没有保存到的外貌配置。\n\n您确定吗？
290101	要放弃所编辑的内容，结束化妆吗？
290102	化妆结束，将变成这个角色。\n\n您确定吗？
290103	您尚未输入名字，\n请输入名字以结束化妆。
290121	要放弃所编辑的内容，结束化妆吗？
290122	化妆结束，将变成这个角色。\n\n您确定吗？
290123	您尚未输入名字，\n请输入名字以结束化妆。
290200	要保存现在的外貌配置吗？
290201	要覆盖原有的外貌配置吗？
290202	要放弃编辑中的内容，\n读取外貌配置吗？
290203	不能读取不同体型的外貌。
290204	将删除选择的外貌，\n您确定吗？
290205	
290206	
290207	
290208	
290209	
290210	并无已保存的外貌配置。
290300	目前无法编辑。\n\n如果想要编辑，请先在“眼睛变化配置”选择“不套用”。
311000	将消除此讯息。\n您确定吗？
311001	要给予这则讯息好评吗？
311002	要给予这则讯息恶评吗？
321000	将以此内容写下讯息。
321001	将舍弃编辑中的讯息。\n您确定吗？
322000	将从记录中删除此讯息。\n您确定吗？
334510	已超过持有与收纳上限，\n无法取得<?itemName?>。
334511	已超过持有与收纳上限，\n无法全数取得<?itemName?>。
334512	
334513	
334514	
334515	
334516	
334517	
334518	
334519	
334520	已超过持有与收纳上限，\n无法取得部分道具。
401172	《艾尔登法环》网络测试版仅能以联机进行游玩。\n\n将返回标题画面。
401701	<?sysmsg@401701?>
404010	将放弃已配置的内容，回到前一个画面。\n\n您确定吗？
404011	
404012	
404013	
404014	
404015	
404016	
404017	
404018	
404019	
404020	高动态范围成像（ＨＤＲ）配置为开启时，\n只能从游戏内主选单的系统选单调整画质。
406011	将以选择的角色档案开始游戏。
406012	要删除选择的角色档案，\n开始新游戏吗？
406013	将删除选择的角色档案。\n\n您确定吗？
450000	要直接开始第<?nextLoopCount?>次的世界吗？\n\n如果不打算马上进入下一次的世界，\n之后也能从圆桌厅堂的大赐福选择“开始第<?nextLoopCount?>次的世界”。
450001	进入第<?nextLoopCount?>次的世界之后，\n就不能回到目前第<?loopCount?>次的世界。\n\n确定要开始第<?nextLoopCount?>次的世界吗？
502000	要遣返所选的人物吗？
502001	没有可以遣返的人物。
506000	确定以此配置参加竞技？
506001	
506002	
506003	
506004	
506005	
506006	
506007	
506008	
506009	
506010	已停止配对。
506011	配对已中断。
506012	要停止配对吗？
506013	一定时间内，未凑齐我方队伍的斗士，\n已停止配对。
506014	当竞技方式为组队战，\n竞技场暗号的有效范围为“双方队伍”时能选择此项目。
506015	当竞技方式为组队战，配置完竞技场暗号后能选择此项目。
506016	
506017	
506018	
506019	
506020	配对失败。
506021	联机失败，无法开始配对。
506022	联机失败，无法进行配对。
506023	无法将对战结果上传至排行榜。\n\n如要重试，请按“是”。\n不上传对战结果，请按“否”。
506100	竞技场暗号记录
506101	请选择想要使用的暗号。
506102	
506103	
506104	没有竞技场暗号的记录。
507000	展开１对１交战，\n在限制时间内（１８０秒）战斗，直到其中一方倒下为止。\n不能使用红露滴圣杯瓶，\n蓝露滴圣杯瓶能使用限定次数，\n不能使用骨灰。
507001	展开１对１交战，\n在限制时间内（１８０秒）战斗，直到其中一方倒下为止。\n不能使用红露滴圣杯瓶，\n蓝露滴圣杯瓶能使用限定次数，\n能使用骨灰。
507002	
507003	
507004	
507005	
507006	
507007	
507008	
507009	
507010	决斗的人数仅限２人。
507011	决斗的人数仅限２人。
507012	
507013	
507014	
507015	
507016	
507017	
507018	
507019	
507020	决斗的人数仅限２人。
507021	决斗的人数仅限２人。
507022	
507023	
507024	
507025	
507026	
507027	
507028	
507029	
507030	决斗的人数仅限２人。
507031	决斗的人数仅限２人。
507100	２位斗士互相为敌，\n在限制时间内（３００秒）比赛击倒人数。\n红露滴圣杯瓶、蓝露滴圣杯瓶能使用限定次数，\n不能使用骨灰。
507101	２位斗士互相为敌，\n在限制时间内（３００秒）比赛击倒人数。\n红露滴圣杯瓶、蓝露滴圣杯瓶能使用限定次数，\n能使用骨灰。
507102	
507103	
507104	
507105	
507106	
507107	
507108	
507109	
507110	４位斗士互相为敌，\n在限制时间内（３００秒）比赛击倒人数。\n红露滴圣杯瓶、蓝露滴圣杯瓶能使用限定次数，\n不能使用骨灰。
507111	４位斗士互相为敌，\n在限制时间内（３００秒）比赛击倒人数。\n红露滴圣杯瓶、蓝露滴圣杯瓶能使用限定次数，\n能使用骨灰。
507112	
507113	
507114	
507115	
507116	
507117	
507118	
507119	
507120	６位斗士互相为敌，\n在限制时间内（３００秒）比赛击倒人数。\n红露滴圣杯瓶、蓝露滴圣杯瓶能使用限定次数，\n不能使用骨灰。
507121	６位斗士互相为敌，\n在限制时间内（３００秒）比赛击倒人数。\n红露滴圣杯瓶、蓝露滴圣杯瓶能使用限定次数，\n能使用骨灰。
507122	
507123	
507124	
507125	
507126	
507127	
507128	
507129	
507130	４位或６位斗士互相为敌，\n在限制时间内（３００秒）比赛击倒人数。\n红露滴圣杯瓶、蓝露滴圣杯瓶能使用限定次数，\n不能使用骨灰。
507131	４位或６位斗士互相为敌，\n在限制时间内（３００秒）比赛击倒人数。\n红露滴圣杯瓶、蓝露滴圣杯瓶能使用限定次数，\n能使用骨灰。
507200	２位斗士分成２队，\n在限制时间内（３００秒）比赛击倒人数。\n红露滴圣杯瓶、蓝露滴圣杯瓶能使用限定次数，\n不能使用骨灰。
507201	２位斗士分成２队，\n在限制时间内（３００秒）比赛击倒人数。\n红露滴圣杯瓶、蓝露滴圣杯瓶能使用限定次数，\n能使用骨灰。
507202	
507203	
507204	
507205	
507206	
507207	
507208	
507209	
507210	４位斗士分成２队，\n在限制时间内（３００秒）比赛击倒人数。\n红露滴圣杯瓶、蓝露滴圣杯瓶能使用限定次数，\n不能使用骨灰。
507211	４位斗士分成２队，\n在限制时间内（３００秒）比赛击倒人数。\n红露滴圣杯瓶、蓝露滴圣杯瓶能使用限定次数，\n能使用骨灰。
507212	
507213	
507214	
507215	
507216	
507217	
507218	
507219	
507220	６位斗士分成２队，\n在限制时间内（３００秒）比赛击倒人数。\n红露滴圣杯瓶、蓝露滴圣杯瓶能使用限定次数，\n不能使用骨灰。
507221	６位斗士分成２队，\n在限制时间内（３００秒）比赛击倒人数。\n红露滴圣杯瓶、蓝露滴圣杯瓶能使用限定次数，\n能使用骨灰。
507222	
507223	
507224	
507225	
507226	
507227	
507228	
507229	
507230	４位或６位斗士分成２队，\n在限制时间内（３００秒）比赛击倒人数。\n红露滴圣杯瓶、蓝露滴圣杯瓶能使用限定次数，\n不能使用骨灰。
507231	４位或６位斗士分成２队，\n在限制时间内（３００秒）比赛击倒人数。\n红露滴圣杯瓶、蓝露滴圣杯瓶能使用限定次数，\n能使用骨灰。
507999	（目前无法使用此规则。）
550000	您在多人联机游玩时，多次以不当方式结束游戏，\n无法进行多人联机游玩。
550100	在一定时间内没有进行任何操作，\n已返回原本的世界。
550200	由于未输入名字，\n已用“_”配置成角色的名字。
550300	所装备的武器使用不正确的战灰，\n已移除该战灰。
550301	所装备的武器使用不正确的战灰，\n已移除该战灰，超过持有上限的道具已被收纳至木箱。
550302	所装备的武器使用不正确的战灰，\n已移除该战灰，超过持有上限的道具已被收纳至木箱。\n超过收纳上限的道具将放置原地。
620001	要返回标题画面吗？
620002	
620003	
620004	
620005	
620006	
620007	
620008	
620009	
620010	将结束操作说明，开始游戏。\n您确定吗？
620100	本游戏尚在开发中，\n部分功能（包含使用Xbox 网络的网络功能）\n有可能无法正常运作，或出现强制结束游戏的情况。
620101	
620102	
620103	
620104	
620105	
620106	
620107	
620108	
620109	
620110	网络测试版的下列配置与商品版相异：\n·必须连接网络才能游玩。
