1	
101000	<?keyControlCamera?>：<?keyActFullName@10?>
101030	<?keyicon@15?>：<?keyActName@15?>
101031	
101032	
101033	
101034	
101035	
101036	
101037	
101038	
101039	
101040	<?keyicon@22?>：<?keyActName@22?>
101041	
101042	
101043	
101044	
101045	
101046	
101047	
101048	
101049	
101050	<?keyicon@23?>：<?keyActName@23?>
101080	<?keyicon@8?>：<?keyActName@8?>
101081	
101082	
101083	
101084	
101085	
101086	
101087	
101088	
101089	
101090	<?keyMove?>＋按住<?keyicon@7?>：冲刺
101110	锁定目标时<?keyControlCamera?>：切换目标
101111	
101112	
101113	
101114	
101115	
101116	
101117	
101118	
101119	
101120	按下<?keyicon@24?>：防御
101121	
101122	
101123	
101124	
101125	
101126	
101127	
101128	
101129	
101130	材料道具会在制作道具时使用
101150	靠近敌人背后，按下<?keyicon@22?>：致命一击
101170	按下<?keyicon@27?>：显示各类量表
101171	
101172	
101173	
101174	
101175	
101176	
101177	
101178	
101179	
101180	骑马跳跃时再按下<?keyicon@8?>：二段跳跃
201010	<?keyicon@26?>：<?keyActName@26?>\n<?keyicon@18?>：<?keyActName@18?>
201070	
201100	左手与右手各能装备３把武器，\n自由切换使用。\n\n此外，也能以双手共持武器。\n双手共持武器时，攻击比较不会被盾牌弹开，\n力气会以１.５倍计算。\n\n<?keyicon@19?>：<?keyActName@19?>\n<?keyicon@20?>：<?keyActName@20?>\n<?keyicon@27?>＋<?keyicon@24?>／<?keyicon@22?>：双手共持武器
301020	在赐福休息能完全恢复血量、专注值，\n治愈异常状态等等，也能补充圣杯瓶。\n\n但是大部分的敌人也会随之复活。\n\n能够在光芒聚集的地方发现赐福。\n\n※此类说明会变成情报道具\n　留在置物包，方便随时重温。
301060	能在赐福记忆魔法、祷告。\n\n在装备手杖、圣印记之后，\n能够消耗专注值使用先行记忆的魔法、祷告。\n\n<?keyicon@0017?>：<?keyActName@17?>
301130	能够装备弓，射出箭矢攻击。\n总共能装备２种箭，可以依照情况切换使用。\n\n双手共持弓，按住<?keyicon@24?>能精密射击。\n用<?keyControlCamera?>能移动准心。\n\n按下<?keyicon@22?>：射出“箭１”的箭\n按下<?keyicon@23?>：射出“箭２”的箭\n按住<?keyicon@24?>：精密射击
301131	
301132	
301133	
301134	
301135	
301136	
301137	
301138	
301139	
301140	蹲下后较不容易被敌人发现。\n在草丛蹲下，藏身效果更佳。\n\n在没有被敌人发现的情况下攻击，\n能够比一般攻击给予更多的伤害。\n\n<?keyicon@9?>：<?keyActName@9?>
301160	敌人会因为我方的攻击而失去平衡，\n此时就有机会使出致命一击。\n\n蓄力攻击、跳跃攻击\n特别容易让敌人失去平衡。\n\n按住<?keyicon@23?>：蓄力攻击\n跳跃时按下<?keyicon@23?>：跳跃攻击
301500	透过地图能确认自己的所在位置、\n地形以及建筑物等等资讯。\n\n座落路边的石碑放有“地图碎片”，\n取得后能更新地图。\n\n另外，也能在地图上放置光柱，\n作为探索时的标记。\n\n<?keyicon@29?>：<?keyActName@29?>
301501	
301502	
301503	
301504	
301505	
301506	
301507	
301508	
301509	
301510	赐福原本是引导褪色者前进，\n替褪色者指路的存在。\n\n如今仍有部分赐福留有指引的力量，\n会以金黄色的光芒轨迹，\n指出褪色者该前进的方向。
301511	
301512	
301513	
301514	
301515	
301516	
301517	
301518	
301519	
301520	使用“灵马哨笛”能召唤出灵马，\n骑马行动。\n\n灵马死亡后能再一次召唤，\n但必须消耗１瓶“红露滴圣杯瓶”。\n\n骑马时再次使用灵马哨笛，\n或是按下<?keyicon@0009?>能够下马。
301521	
301522	
301523	
301524	
301525	
301526	
301527	
301528	
301529	
301530	死亡之后，会在最后停留的赐福复活。\n\n持有卢恩会留在死亡地点。\n在拿回卢恩之前再次死亡，卢恩将会消失。\n\n留在死亡地点的卢恩，\n所在方向会显示在画面上方的方位条。
301531	
301532	
301533	
301534	
301535	
301536	
301537	
301538	
301539	
301540	死亡之后，会在最后停留的赐福复活。\n\n如果死亡地点附近有“玛莉卡楔石”，\n也能选择在那里复活。
301541	
301542	
301543	
301544	
301545	
301546	
301547	
301548	
301549	
301550	拥有“召魂铃”之后，\n能透过骨灰道具召唤各种灵魂。\n召唤时基本上需要消耗专注值。\n\n在同一时间内，只能召唤１种灵魂。\n多人联机游玩时无法召唤灵魂。
301551	
301552	
301553	
301554	
301555	
301556	
301557	
301558	
301559	
301560	交界地各处生长的果实、花朵、菇类，\n或是蝴蝶等等生物，皆能作为材料道具。\n\n材料道具会在制作道具时使用。
301561	
301562	
301563	
301564	
301565	
301566	
301567	
301568	
301569	
301570	拥有“工具皮袋”之后，\n能用材料道具制作各种道具。\n\n从主选单的“制作道具”选单能制作道具。\n\n取得“制作笔记”之后，\n能制作的道具种类也会随之增加。\n\n<?keyicon@28?>：<?keyActName@28?>
301571	
301572	
301573	
301574	
301575	
301576	
301577	
301578	
301579	
301580	在能够制作的道具之中，\n部分道具需要有特定的容器\n（例如龟裂壶等等）才能制作。\n\n制作的数量无法超过容器道具的数量。\n\n制作道具会消耗容器道具，\n但容器本身不会不见。
301581	
301582	
301583	
301584	
301585	
301586	
301587	
301588	
301589	
301590	在交界地各处，\n例如小黄金树的树脚等等地方，\n会找到名为结晶露滴的道具。\n\n将２块结晶露滴加入“灵药圣杯瓶”调配，\n灵药会产生各式各样的效用。\n\n能在赐福进行调配。
301591	
301592	
301593	
301594	
301595	
301596	
301597	
301598	
301599	
301600	拥有“砥石小刀”之后，\n能在赐福使用“战灰”，赋予武器战技。\n\n每一把武器只能有一个战技，\n赋予战技之后，会移除旧有的战技。\n\n能赋予的战技会依照武器类别有所限制。\n部分特殊武器（例如具备固有战技的武器），\n无法赋予战技。
301601	
301602	
301603	
301604	
301605	
301606	
301607	
301608	
301609	
301610	使用散置各地的“鸟瞰镜”，\n能以鸟类的视野观察前方道路。\n\n<?keyicon@17?>：放大影像\n<?keyicon@18?>：缩小影像
301611	
301612	
301613	
301614	
301615	
301616	
301617	
301618	
301619	
301620	骑马时靠近有“灵魂气流”的地方跳跃，\n能够顺着气流往上大幅跳跃。\n\n骑马状态下顺着“灵魂气流”落地时，\n即使是从高处坠落，也不会受到损伤。\n\n骑马时靠近灵魂气流，\n按下<?keyicon@8?>：灵魂气流跳跃
301621	
301622	
301623	
301624	
301625	
301626	
301627	
301628	
301629	
301630	打败敌对团体之后，\n能恢复圣杯瓶的使用次数。\n\n恢复的圣杯瓶种类、次数，\n会依照敌对团体而不同。\n\n如果恢复前使用次数已达上限，\n则不能累加。
301631	
301632	
301633	
301634	
301635	
301636	
301637	
301638	
301639	
301640	露滴粪金龟有红色、蓝色之分，\n打败它之后能恢复与颜色对应的圣杯瓶。\n\n如果恢复前使用次数已达上限，则不能累加。
301641	
301642	
301643	
301644	
301645	
301646	
301647	
301648	
301649	
301650	使用“唤勾指药”\n能看见其他世界玩家的召唤记号。\n\n召唤记号有下列种类：\n金色记号能召唤协助者；\n红色记号能召唤敌对者。\n\n召唤后，会开始多人联机游玩。\n多人联机游玩时，您将成为“勾指主人”。
301651	
301652	
301653	
301654	
301655	
301656	
301657	
301658	
301659	
301660	使用“褪色者勾指”\n能写下金色召唤记号。\n\n当其他世界的玩家透过记号召唤您，\n会开始协力多人联机游玩。\n\n您将成为协助者（勾指），\n目标是打败区域头目。\n\n召唤主方（勾指主人）的所在方向\n会显示在画面上方的方位条。
301661	
301662	
301663	
301664	
301665	
301666	
301667	
301668	
301669	
301670	使用“斗士勾指”\n能写下红色召唤记号。\n\n当其他世界的玩家透过记号召唤您，\n会开始敌对多人联机游玩。\n\n您将成为敌对者（斗士），\n目标是打败召唤您的“勾指主人”。
301671	
301672	
301673	
301674	
301675	
301676	
301677	
301678	
301679	
301680	使用“溃烂血指”等等道具，\n能入侵其他玩家的世界。\n\n入侵成功后，会开始入侵多人联机游玩。\n\n您将成为入侵者（血指），\n目标是打败入侵世界的主人“勾指主人”。\n\n当勾指主人位在远方，\n所在方向会显示在画面上方的方位条。
301681	
301682	
301683	
301684	
301685	
301686	
301687	
301688	
301689	
301690	散布各地的殉教者雕像，\n是记号的聚集处。\n\n使用小雕像写下的协力记号、\n敌对记号会汇集在记号聚集处，\n方便召唤其他玩家。
302000	拥有“砥石小刀”之后，\n能在赐福使用“战灰”，赋予武器属性。\n\n根据赋予的属性，\n武器的攻击属性、能力加成\n会随之产生变化。\n\n能赋予的属性会依照武器类别有所限制。\n部分特殊武器（例如具备固有战技的武器），\n无法赋予属性。
302380	使用“蓝秘文戒指”，\n在收到其他世界召唤猎人的请求时，\n能回应要求，接受召唤。\n\n作为猎人受召唤之后，\n将开始猎人多人联机游玩。\n目标是打败入侵者。\n\n召唤主方（勾指主人）的所在方向\n会显示在画面上方的方位条。
302381	
302382	
302383	
302384	
302385	
302386	
302387	
302388	
302389	
302390	透过骨灰道具进行的灵魂召唤，\n只能在还魂碑附近进行。\n\n当身在还魂碑附近，\n或是在能召唤灵魂的地方时，\n画面左侧会出现碑文图案。
302391	
302392	
302393	
302394	
302395	
302396	
302397	
302398	
302399	
302400	防住敌人攻击的当下，能立刻使出防御反击。\n防御反击容易让敌人失去平衡。\n\n防住敌人攻击后\n立刻按下<?keyicon@23?>：防御反击
302401	
302402	
302403	
302404	
302405	
302406	
302407	
302408	
302409	
302410	能用左手武器，\n或是以双手共持的武器防御敌人攻击。\n\n用盾牌防御的效果尤佳。\n\n防御攻击时会消耗精力，\n精力耗尽后会失去平衡。\n\n按下<?keyicon@24?>：防御
302411	
302412	
302413	
302414	
302415	
302416	
302417	
302418	
302419	
302420	使用“白秘文戒指”，\n在被入侵者入侵时，能自动发出请求，\n召唤其他世界的猎人。\n（也能在被入侵后再使用。）\n\n成功后能召唤猎人，\n猎人的目标是打败入侵者。
302421	
302422	
302423	
302424	
302425	
302426	
302427	
302428	
302429	
302430	战技是武器具备的特殊招式。\n\n战技的种类繁多，从使出强大攻击，\n到产生短暂特殊效果皆有。\n使用时会消耗专注值。\n\n<?keyicon@25?>：<?keyActName@25?>
302431	
302432	
302433	
302434	
302435	
302436	
302437	
302438	
302439	
302440	能够从地图点选已知的赐福，瞬间移动过去。\n\n但是部分区域（例如地下迷宫等等），\n无法进行瞬间移动。
302441	
302442	
302443	
302444	
302445	
302446	
302447	
302448	
302449	
302450	在锻造台消耗“锻造石”与花费卢恩，\n能够强化武器。\n\n如果在交界地之中找到铁匠，\n武器就能得到更进一步的强化。
302451	
302452	
302453	
302454	
302455	
302456	
302457	
302458	
302459	
302460	圆桌厅堂是受赐福引导的褪色者聚集的地方。\n基于非战的约定，不得于此械斗。\n（圆桌厅堂的图案代表着非战的约定。）\n\n圆桌厅堂不存在于现世，\n只能透过赐福往来，但也能透过地图传送。\n\n<?keyicon@29?>：<?keyActName@29?>
302461	
302462	
302463	
302464	
302465	
302466	
302467	
302468	
302469	
302470	
302471	
302472	
302473	
302474	
302475	
302476	
302477	
302478	
302479	
302480	在主选单的“随身包包”能配置６项道具，\n直接从主选单使用。\n\n此外，随身包包中配置于前４项的道具，\n能不打开主选单直接使用。\n\n<?keyicon@27?>＋<?keyicon@17?>：使用“随身包包１”的道具\n<?keyicon@27?>＋<?keyicon@19?>：使用“随身包包２”的道具\n<?keyicon@27?>＋<?keyicon@20?>：使用“随身包包３”的道具\n<?keyicon@27?>＋<?keyicon@18?>：使用“随身包包４”的道具
302481	
302482	
302483	
302484	
302485	
302486	
302487	
302488	
302489	
302490	利用翻滚或是后跃，能闪避敌人的攻击。\n只是做出这两种行动都需要消耗精力。\n\n<?keyMove?>＋<?keyicon@7?>：翻滚\n<?keyicon@7?>：后跃
302491	
302492	
302493	
302494	
302495	
302496	
302497	
302498	
302499	
302500	打败碎片君王获得的大卢恩\n失去了恩惠的力量。\n到各处的神授塔，能让它再次获得力量。\n\n相对应的神授塔，\n写在各个大卢恩的道具说明内。
302501	
302502	
302503	
302504	
302505	
302506	
302507	
302508	
302509	
302510	跳下前方的地洞之后，就是“求学洞窟”。\n\n在求学洞窟能学习各类基本行动与操作，\n也能获得在交界地冒险时的实用知识。
302550	触碰竞技场的玛莉卡雕像\n能参加竞技，与其他玩家对战。\n\n此竞技场采取的规则\n为“决斗”，是１对１的战斗。
302551	
302552	
302553	
302554	
302555	
302556	
302557	
302558	
302559	
302560	触碰竞技场的玛莉卡雕像\n能参加竞技，与其他玩家对战。\n\n此竞技场采取的规则\n为“组队战”或是“乱战”。\n\n“组队战”是分成２队交战；\n“乱战”是全部玩家互相为敌而战。
302561	
302562	
302563	
302564	
302565	
302566	
302567	
302568	
302569	
302570	触碰竞技场的玛莉卡雕像\n能参加竞技，与其他玩家对战。\n\n此竞技场在战斗时能使用骨灰。
302571	
302572	
302573	
302574	
302575	
302576	
302577	
302578	
302579	
302580	透过圆桌厅堂的玛莉卡雕像也能参加竞技。\n\n以此方法参战时，只能选择\n过去造访的竞技场所使用的规则。
309000	要进行协力、入侵、敌对多人联机游玩，\n必须先取得各自所需的道具。\n\n多人联机游玩的相关道具，\n能在主选单的“多人联机游玩”选单确认，\n也能从选单直接使用。\n\n<?keyicon@28?>：<?keyActName@28?>
402000	在装备选单，能选择想装备的\n武器、箭、弩箭、防具、护符，以及道具。\n\n左手与右手各能装备３把武器。\n武器装备在不同手，动作各有不同。
402001	
402002	
402003	
402004	
402005	
402006	
402007	
402008	
402009	
402010	在制作道具选单，\n能用材料道具制作各种道具。\n\n取得“制作笔记”之后，\n能制作的道具种类也会随之增加。
402011	
402012	
402013	
402014	
402015	
402016	
402017	
402018	
402019	
402020	在置物包选单，能确认持有的物品，\n选择将物品放置原地，或是丢弃。\n\n也能从置物包选单使用道具。\n\n<?keyicon@31?>：显示大图片与说明文\n<?keyicon@30?>：切换显示角色数据
402021	
402022	
402023	
402024	
402025	
402026	
402027	
402028	
402029	
402030	在状态选单，能确认自己的等级、能力值，\n以及基本能力等等资讯。\n\n攻击力、防御力、抵抗力等等，\n会根据装备的武器、防具的数值变化。
402031	
402032	
402033	
402034	
402035	
402036	
402037	
402038	
402039	
402040	在讯息选单，能够当场写下讯息，\n传布到其他世界。\n\n切换讯息的格式，就能留下更为复杂的讯息。\n此外，也能替讯息搭配肢体动作。\n\n能对其他玩家留下的讯息给予评价，\n当自己的讯息收到好评，能够恢复血量。
402041	
402042	
402043	
402044	
402045	
402046	
402047	
402048	
402049	
402050	在多人联机游玩选单，\n能使用各种多人联机游玩所需的道具。\n\n另外，配置群组暗号之后，\n会优先显示使用同一组暗号玩家的下列状态：\n讯息、召唤记号、血迹、幻影等等。\n\n配置多人联机游玩的暗号之后，\n会和配置同一组暗号的玩家进行联机配对。\n但在入侵多人联机游玩中，不适用暗号功能。
402100	在地图选单，能确认自己的所在位置、\n地形以及建筑物等等资讯。\n\n能在地图上放置光柱，作为探索时的标记。\n\n另外，也能从地图点选已知的赐福，瞬间移动过去。\n但是部分区域（例如地下迷宫等等），无法进行瞬间移动。
402200	在升级选单，能花费卢恩提升能力值。\n\n提升能力值１点，等级也会提升１等。\n当等级越来越高，提升能力值所需的卢恩也会越来越多。
402201	
402202	
402203	
402204	
402205	
402206	
402207	
402208	
402209	
402210	
402211	
402212	
402213	
402214	
402215	
402216	
402217	
402218	
402219	
402220	
402221	
402222	
402223	
402224	
402225	
402226	
402227	
402228	
402229	
402230	在这个选单，能分配圣杯瓶的使用次数。\n\n能将２种圣杯瓶合计的使用次数，\n依照需求分配给恢复血量的红露滴圣杯瓶，\n以及恢复专注值的蓝露滴圣杯瓶。
402231	
402232	
402233	
402234	
402235	
402236	
402237	
402238	
402239	
402240	在记忆选单，能够记忆魔法、祷告。\n\n在装备手杖、圣印记之后，\n能够消耗专注值使用先行记忆的魔法、祷告。\n\n记忆空格的数量，代表能记忆的魔法、祷告数量上限。\n利用“记忆石”能增加记忆空格的数量。
402241	
402242	
402243	
402244	
402245	
402246	
402247	
402248	
402249	
402250	在这个选单，能将持有道具收进木箱，\n或是从木箱拿出道具。\n\n当获得的道具超过可持有数量的上限，\n会被自动收进木箱。
402300	在交易选单，能花费卢恩购买道具。\n另外，卖出道具能获得卢恩。\n\n每一位商人贩卖的道具会不太一样。
402301	
402302	
402303	
402304	
402305	
402306	
402307	
402308	
402309	
402310	
402311	
402312	
402313	
402314	
402315	
402316	
402317	
402318	
402319	
402320	在战灰选单，能使用“战灰”，\n赋予武器战技、属性。\n\n每一把武器只能有一个战技，\n赋予战技之后，会移除旧有的战技。\n\n根据赋予的属性，武器的攻击属性、能力加成\n会随之产生变化。\n\n能赋予的战技、属性会依照武器类别有所限制。\n部分特殊武器（例如具备固有战技的武器），\n无法用战灰赋予战技、属性。
402321	
402322	
402323	
402324	
402325	
402326	
402327	
402328	
402329	
402330	在调灵选单，\n能花费卢恩与消耗“墓地铃兰”，\n强化透过骨灰召唤的灵魂。\n\n但如果是有名字的灵魂，\n必须使用“灵依墓地铃兰”才能强化。
402331	
402332	
402333	
402334	
402335	
402336	
402337	
402338	
402339	
402340	
402341	
402342	
402343	
402344	
402345	
402346	
402347	
402348	
402349	
402350	在大卢恩选单，\n能装备再次获得力量的大卢恩。\n\n使用“卢恩弯弧”，\n能让所装备的大卢恩带来强大的恩惠。
402351	
402352	
402353	
402354	
402355	
402356	
402357	
402358	
402359	
402360	在这个选单，能将２块结晶露滴\n加入灵药圣杯瓶进行调配。\n\n经过调配，灵药会产生各式各样的效用。
402361	
402362	
402363	
402364	
402365	
402366	
402367	
402368	
402369	
402370	在重新诞生选单，能消耗“泪滴幼体”\n重置自己升级时所提升的能力值。\n\n重置后，等级必须提升至原有等级，\n能力值也不能低于出身固有的数值。
402371	
402372	
402373	
402374	
402375	
402376	
402377	
402378	
402379	
402380	在追忆力量选单，能透过追忆\n获得追忆之主拥有的力量。\n\n一个追忆能获得的力量只限一个。\n在获得力量之后，追忆会消失。
402381	
402382	
402383	
402384	
402385	
402386	
402387	
402388	
402389	
402390	在锻造台选单，\n能消耗“锻造石”与花费卢恩强化武器。\n\n使用锻造台的强化上限为“＋３”。\n\n如果在交界地之中找到铁匠，\n武器就能得到更进一步的强化。
402391	
402392	
402393	
402394	
402395	
402396	
402397	
402398	
402399	
402400	在复制追忆选单，\n能复制过去曾经获得的追忆。\n（已经用在获得追忆之主力量的追忆，也能进行复制。）\n\n一座灵庙能进行的复制，只限一次。
402500	在竞技场选单，\n能选择各种对战规则，例如竞技方式、\n人数、骨灰使用限制等等，参加竞技。\n\n也能配置竞技场专用的暗号。
